0
1609
2370
1931
643
-644
-1083
-323
1286
2895
3655
3215
1927
639
199
959
2567
4174
4934
4493
3204
1914
1473
2231
3838
5444
6201
5759
4468
3176
2733
3489
5093
6697
7452
7007
5714
4420
3974
4727
6329
7930
8682
8234
6937
5640
5191
5941
7539
9137
9885
9434
8134
6833
6380
7126
8720
10313
11058
10602
9298
7993
7535
8277
9866
11455
12195
11735
10425
9115
8653
9389
10974
12557
13292
12826
11511
10196
9728
10459
12038
13616
14345
13873
12552
11231
10757
11482
13054
14626
15349
14871
13544
12216
11735
12454
14020
15585
16300
15816
14482
13147
12659
13371
14929
16487
17196
16704
15362
14020
13525
14229
15780
17330
18031
17531
16182
14832
14330
15025
16569
18111
18804
18296
16939
15580
15069
15757
17292
18826
19510
18994
17628
16261
15742
16421
17947
19472
20148
19622
18248
16872
16344
17014
18531
20047
20714
20179
18796
17411
16873
17534
19042
20549
21206
20662
19269
17875
17328
17979
19478
20975
21623
21069
19667
18263
17706
18348
19837
21324
21962
21399
19987
18573
18006
18638
20117
21595
22223
21650
20228
18804
18228
18850
20319
21786
22404
21821
20389
18955
18369
18981
20440
21897
22505
21912
20470
19026
18429
19031
20480
21928
22525
21922
20470
19016
18409
19001
20440
21877
22465
21852
20389
18925
18308
18890
20319
21746
22324
21701
20228
18754
18127
18699
20117
21535
22102
21469
19987
18503
17866
18428
19837
21244
21802
21159
19667
18173
17527
18079
19478
20875
21424
20771
19269
17766
17110
17652
19042
20430
20969
20307
18796
17283
16618
17151
18531
19910
20440
19768
18248
16726
16052
16576
17947
19317
19838
19157
17628
16097
15414
15929
17292
18653
19165
18477
16939
15400
14708
15215
16569
17922
18426
17729
16182
14635
13935
14434
15780
17125
17621
16916
15362
13807
13100
13591
14929
16267
16755
16043
14482
12919
12204
12688
14020
15350
15831
15112
13544
11974
11253
11730
13054
14378
14853
14127
12552
10977
10249
10719
12038
13355
13824
13092
11511
9930
9196
9661
10974
12286
12749
12011
10425
8838
8099
8559
9866
11173
11631
10889
9298
7706
6962
7417
8720
10022
10476
9729
8134
6538
5789
6240
7539
8838
9287
8537
6937
5338
4586
5033
6329
7624
8070
7316
5714
4111
3356
3801
5093
6385
6829
6073
4468
2862
2105
2547
3838
5128
5569
4811
3204
1597
838
1278
2567
3855
4295
3536
1927
319
-441
-2
1286
2574
3013
2252
643
-966
-1726
-1287
-0
1287
1726
966
-643
-2252
-3013
-2574
-1286
2
441
-319
-1927
-3536
-4295
-3855
-2567
-1278
-838
-1597
-3204
-4811
-5569
-5128
-3838
-2547
-2105
-2862
-4468
-6073
-6829
-6385
-5093
-3801
-3356
-4111
-5714
-7316
-8070
-7624
-6329
-5033
-4586
-5338
-6937
-8537
-9287
-8838
-7539
-6240
-5789
-6538
-8134
-9729
-10476
-10022
-8720
-7417
-6962
-7706
-9298
-10889
-11631
-11173
-9866
-8559
-8099
-8838
-10425
-12011
-12749
-12286
-10974
-9661
-9196
-9930
-11511
-13092
-13824
-13355
-12038
-10719
-10249
-10977
-12552
-14127
-14853
-14378
-13054
-11730
-11253
-11974
-13544
-15112
-15831
-15350
-14020
-12688
-12204
-12919
-14482
-16043
-16755
-16267
-14929
-13591
-13100
-13807
-15362
-16916
-17621
-17125
-15780
-14434
-13935
-14635
-16182
-17729
-18426
-17922
-16569
-15215
-14708
-15400
-16939
-18477
-19165
-18653
-17292
-15929
-15414
-16097
-17628
-19157
-19838
-19317
-17947
-16576
-16052
-16726
-18248
-19768
-20440
-19910
-18531
-17151
-16618
-17283
-18796
-20307
-20969
-20430
-19042
-17652
-17110
-17766
-19269
-20771
-21424
-20875
-19478
-18079
-17527
-18173
-19667
-21159
-21802
-21244
-19837
-18428
-17866
-18503
-19987
-21469
-22102
-21535
-20117
-18699
-18127
-18754
-20228
-21701
-22324
-21746
-20319
-18890
-18308
-18925
-20389
-21852
-22465
-21877
-20440
-19001
-18409
-19016
-20470
-21922
-22525
-21928
-20480
-19031
-18429
-19026
-20470
-21912
-22505
-21897
-20440
-18981
-18369
-18955
-20389
-21821
-22404
-21786
-20319
-18850
-18228
-18804
-20228
-21650
-22223
-21595
-20117
-18638
-18006
-18573
-19987
-21399
-21962
-21324
-19837
-18348
-17706
-18263
-19667
-21069
-21623
-20975
-19478
-17979
-17328
-17875
-19269
-20662
-21206
-20549
-19042
-17534
-16873
-17411
-18796
-20179
-20714
-20047
-18531
-17014
-16344
-16872
-18248
-19622
-20148
-19472
-17947
-16421
-15742
-16261
-17628
-18994
-19510
-18826
-17292
-15757
-15069
-15580
-16939
-18296
-18804
-18111
-16569
-15025
-14330
-14832
-16182
-17531
-18031
-17330
-15780
-14229
-13525
-14020
-15362
-16704
-17196
-16487
-14929
-13371
-12659
-13147
-14482
-15816
-16300
-15585
-14020
-12454
-11735
-12216
-13544
-14871
-15349
-14626
-13054
-11482
-10757
-11231
-12552
-13873
-14345
-13616
-12038
-10459
-9728
-10196
-11511
-12826
-13292
-12557
-10974
-9389
-8653
-9115
-10425
-11735
-12195
-11455
-9866
-8277
-7535
-7993
-9298
-10602
-11058
-10313
-8720
-7126
-6380
-6833
-8134
-9434
-9885
-9137
-7539
-5941
-5191
-5640
-6937
-8234
-8682
-7930
-6329
-4727
-3974
-4420
-5714
-7007
-7452
-6697
-5093
-3489
-2733
-3176
-4468
-5759
-6201
-5444
-3838
-2231
-1473
-1914
-3204
-4493
-4934
-4174
-2567
-959
-199
-639
-1927
-3215
-3655
-2895
-1286
323
1083
644
-643
-1931
-2370
-1609
-0
1609
2370
1931
643
-644
-1083
-323
1286
2895
3655
3215
1927
639
199
959
2567
4174
4934
4493
3204
1914
1473
2231
3838
5444
6201
5759
4468
3176
2733
3489
5093
6697
7452
7007
5714
4420
3974
4727
6329
7930
8682
8234
6937
5640
5191
5941
7539
9137
9885
9434
8134
6833
6380
7126
8720
10313
11058
10602
9298
7993
7535
8277
9866
11455
12195
11735
10425
9115
8653
9389
10974
12557
13292
12826
11511
10196
9728
10459
12038
13616
14345
13873
12552
11231
10757
11482
13054
14626
15349
14871
13544
12216
11735
12454
14020
15585
16300
15816
14482
13147
12659
13371
14929
16487
17196
16704
15362
14020
13525
14229
15780
17330
18031
17531
16182
14832
14330
15025
16569
18111
18804
18296
16939
15580
15069
15757
17292
18826
19510
18994
17628
16261
15742
16421
17947
19472
20148
19622
18248
16872
16344
17014
18531
20047
20714
20179
18796
17411
16873
17534
19042
20549
21206
20662
19269
17875
17328
17979
19478
20975
21623
21069
19667
18263
17706
18348
19837
21324
21962
21399
19987
18573
18006
18638
20117
21595
22223
21650
20228
18804
18228
18850
20319
21786
22404
21821
20389
18955
18369
18981
20440
21897
22505
21912
20470
19026
18429
19031
20480
21928
22525
21922
20470
19016
18409
19001
20440
21877
22465
21852
20389
18925
18308
18890
20319
21746
22324
21701
20228
18754
18127
18699
20117
21535
22102
21469
19987
18503
17866
18428
19837
21244
21802
21159
19667
18173
17527
18079
19478
20875
21424
20771
19269
17766
17110
17652
19042
20430
20969
20307
18796
17283
16618
17151
18531
19910
20440
19768
18248
16726
16052
16576
17947
19317
19838
19157
17628
16097
15414
15929
17292
18653
19165
18477
16939
15400
14708
15215
16569
17922
18426
17729
16182
14635
13935
14434
15780
17125
17621
16916
15362
13807
13100
13591
14929
16267
16755
16043
14482
12919
12204
12688
14020
15350
15831
15112
13544
11974
11253
11730
13054
14378
14853
14127
12552
10977
10249
10719
12038
13355
13824
13092
11511
9930
9196
9661
10974
12286
12749
12011
10425
8838
8099
8559
9866
11173
11631
10889
9298
7706
6962
7417
8720
10022
10476
9729
8134
6538
5789
6240
7539
8838
9287
8537
6937
5338
4586
5033
6329
7624
8070
7316
5714
4111
3356
3801
5093
6385
6829
6073
4468
2862
2105
2547
3838
5128
5569
4811
3204
1597
838
1278
2567
3855
4295
3536
1927
319
-441
-2
1286
2574
3013
2252
643
-966
-1726
-1287
-0
1287
1726
966
-643
-2252
-3013
-2574
-1286
2
441
-319
-1927
-3536
-4295
-3855
-2567
-1278
-838
-1597
-3204
-4811
-5569
-5128
-3838
-2547
-2105
-2862
-4468
-6073
-6829
-6385
-5093
-3801
-3356
-4111
-5714
-7316
-8070
-7624
-6329
-5033
-4586
-5338
-6937
-8537
-9287
-8838
-7539
-6240
-5789
-6538
-8134
-9729
-10476
-10022
-8720
-7417
-6962
-7706
-9298
-10889
-11631
-11173
-9866
-8559
-8099
-8838
-10425
-12011
-12749
-12286
-10974
-9661
-9196
-9930
-11511
-13092
-13824
-13355
-12038
-10719
-10249
-10977
-12552
-14127
-14853
-14378
-13054
-11730
-11253
-11974
-13544
-15112
-15831
-15350
-14020
-12688
-12204
-12919
-14482
-16043
-16755
-16267
-14929
-13591
-13100
-13807
-15362
-16916
-17621
-17125
-15780
-14434
-13935
-14635
-16182
-17729
-18426
-17922
-16569
-15215
-14708
-15400
-16939
-18477
-19165
-18653
-17292
-15929
-15414
-16097
-17628
-19157
-19838
-19317
-17947
-16576
-16052
-16726
-18248
-19768
-20440
-19910
-18531
-17151
-16618
-17283
-18796
-20307
-20969
-20430
-19042
-17652
-17110
-17766
-19269
-20771
-21424
-20875
-19478
-18079
-17527
-18173
-19667
-21159
-21802
-21244
-19837
-18428
-17866
-18503
-19987
-21469
-22102
-21535
-20117
-18699
-18127
-18754
-20228
-21701
-22324
-21746
-20319
-18890
-18308
-18925
-20389
-21852
-22465
-21877
-20440
-19001
-18409
-19016
-20470
-21922
-22525
-21928
-20480
-19031
-18429
-19026
-20470
-21912
-22505
-21897
-20440
-18981
-18369
-18955
-20389
-21821
-22404
-21786
-20319
-18850
-18228
-18804
-20228
-21650
-22223
-21595
-20117
-18638
-18006
-18573
-19987
-21399
-21962
-21324
-19837
-18348
-17706
-18263
-19667
-21069
-21623
-20975
-19478
-17979
-17328
-17875
-19269
-20662
-21206
-20549
-19042
-17534
-16873
-17411
-18796
-20179
-20714
-20047
-18531
-17014
-16344
-16872
-18248
-19622
-20148
-19472
-17947
-16421
-15742
-16261
-17628
-18994
-19510
-18826
-17292
-15757
-15069
-15580
-16939
-18296
-18804
-18111
-16569
-15025
-14330
-14832
-16182
-17531
-18031
-17330
-15780
-14229
-13525
-14020
-15362
-16704
-17196
-16487
-14929
-13371
-12659
-13147
-14482
-15816
-16300
-15585
-14020
-12454
-11735
-12216
-13544
-14871
-15349
-14626
-13054
-11482
-10757
-11231
-12552
-13873
-14345
-13616
-12038
-10459
-9728
-10196
-11511
-12826
-13292
-12557
-10974
-9389
-8653
-9115
-10425
-11735
-12195
-11455
-9866
-8277
-7535
-7993
-9298
-10602
-11058
-10313
-8720
-7126
-6380
-6833
-8134
-9434
-9885
-9137
-7539
-5941
-5191
-5640
-6937
-8234
-8682
-7930
-6329
-4727
-3974
-4420
-5714
-7007
-7452
-6697
-5093
-3489
-2733
-3176
-4468
-5759
-6201
-5444
-3838
-2231
-1473
-1914
-3204
-4493
-4934
-4174
-2567
-959
-199
-639
-1927
-3215
-3655
-2895
-1286
323
1083
644
-643
-1931
-2370
-1609
-0
1609
2370
1931
643
-644
-1083
-323
1286
2895
3655
3215
1927
639
199
959
2567
4174
4934
4493
3204
1914
1473
2231
3838
5444
6201
5759
4468
3176
2733
3489
5093
6697
7452
7007
5714
4420
3974
4727
6329
7930
8682
8234
6937
5640
5191
5941
7539
9137
9885
9434
8134
6833
6380
7126
8720
10313
11058
10602
9298
7993
7535
8277
9866
11455
12195
11735
10425
9115
8653
9389
10974
12557
13292
12826
11511
10196
9728
10459
12038
13616
14345
13873
12552
11231
10757
11482
13054
14626
15349
14871
13544
12216
11735
12454
14020
15585
16300
15816
14482
13147
12659
13371
14929
16487
17196
16704
15362
14020
13525
14229
15780
17330
18031
17531
16182
14832
14330
15025
16569
18111
18804
18296
16939
15580
15069
15757
17292
18826
19510
18994
17628
16261
15742
16421
17947
19472
20148
19622
18248
16872
16344
17014
18531
20047
20714
20179
18796
17411
16873
17534
19042
20549
21206
20662
19269
17875
17328
17979
19478
20975
21623
21069
19667
18263
17706
18348
19837
21324
21962
21399
19987
18573
18006
18638
20117
21595
22223
21650
20228
18804
18228
18850
20319
21786
22404
21821
20389
18955
18369
18981
20440
21897
22505
21912
20470
19026
18429
19031
20480
21928
22525
21922
20470
19016
18409
19001
20440
21877
22465
21852
20389
18925
18308
18890
20319
21746
22324
21701
20228
18754
18127
18699
20117
21535
22102
21469
19987
18503
17866
18428
19837
21244
21802
21159
19667
18173
17527
18079
19478
20875
21424
20771
19269
17766
17110
17652
19042
20430
20969
20307
18796
17283
16618
17151
18531
19910
20440
19768
18248
16726
16052
16576
17947
19317
19838
19157
17628
16097
15414
15929
17292
18653
19165
18477
16939
15400
14708
15215
16569
17922
18426
17729
16182
14635
13935
14434
15780
17125
17621
16916
15362
13807
13100
13591
14929
16267
16755
16043
14482
12919
12204
12688
14020
15350
15831
15112
13544
11974
11253
11730
13054
14378
14853
14127
12552
10977
10249
10719
12038
13355
13824
13092
11511
9930
9196
9661
10974
12286
12749
12011
10425
8838
8099
8559
9866
11173
11631
10889
9298
7706
6962
7417
8720
10022
10476
9729
8134
6538
5789
6240
7539
8838
9287
8537
6937
5338
4586
5033
6329
7624
8070
7316
5714
4111
3356
3801
5093
6385
6829
6073
4468
2862
2105
2547
3838
5128
5569
4811
3204
1597
838
1278
2567
3855
4295
3536
1927
319
-441
-2
1286
2574
3013
2252
643
-966
-1726
-1287
-0
1287
1726
966
-643
-2252
-3013
-2574
-1286
2
441
-319
-1927
-3536
-4295
-3855
-2567
-1278
-838
-1597
-3204
-4811
-5569
-5128
-3838
-2547
-2105
-2862
-4468
-6073
-6829
-6385
-5093
-3801
-3356
-4111
-5714
-7316
-8070
-7624
-6329
-5033
-4586
-5338
-6937
-8537
-9287
-8838
-7539
-6240
-5789
-6538
-8134
-9729
-10476
-10022
-8720
-7417
-6962
-7706
-9298
-10889
-11631
-11173
-9866
-8559
-8099
-8838
-10425
-12011
-12749
-12286
-10974
-9661
-9196
-9930
-11511
-13092
-13824
-13355
-12038
-10719
-10249
-10977
-12552
-14127
-14853
-14378
-13054
-11730
-11253
-11974
-13544
-15112
-15831
-15350
-14020
-12688
-12204
-12919
-14482
-16043
-16755
-16267
-14929
-13591
-13100
-13807
-15362
-16916
-17621
-17125
-15780
-14434
-13935
-14635
-16182
-17729
-18426
-17922
-16569
-15215
-14708
-15400
-16939
-18477
-19165
-18653
-17292
-15929
-15414
-16097
-17628
-19157
-19838
-19317
-17947
-16576
-16052
-16726
-18248
-19768
-20440
-19910
-18531
-17151
-16618
-17283
-18796
-20307
-20969
-20430
-19042
-17652
-17110
-17766
-19269
-20771
-21424
-20875
-19478
-18079
-17527
-18173
-19667
-21159
-21802
-21244
-19837
-18428
-17866
-18503
-19987
-21469
-22102
-21535
-20117
-18699
-18127
-18754
-20228
-21701
-22324
-21746
-20319
-18890
-18308
-18925
-20389
-21852
-22465
-21877
-20440
-19001
-18409
-19016
-20470
-21922
-22525
-21928
-20480
-19031
-18429
-19026
-20470
-21912
-22505
-21897
-20440
-18981
-18369
-18955
-20389
-21821
-22404
-21786
-20319
-18850
-18228
-18804
-20228
-21650
-22223
-21595
-20117
-18638
-18006
-18573
-19987
-21399
-21962
-21324
-19837
-18348
-17706
-18263
-19667
-21069
-21623
-20975
-19478
-17979
-17328
-17875
-19269
-20662
-21206
-20549
-19042
-17534
-16873
-17411
-18796
-20179
-20714
-20047
-18531
-17014
-16344
-16872
-18248
-19622
-20148
-19472
-17947
-16421
-15742
-16261
-17628
-18994
-19510
-18826
-17292
-15757
-15069
-15580
-16939
-18296
-18804
-18111
-16569
-15025
-14330
-14832
-16182
-17531
-18031
-17330
-15780
-14229
-13525
-14020
-15362
-16704
-17196
-16487
-14929
-13371
-12659
-13147
-14482
-15816
-16300
-15585
-14020
-12454
-11735
-12216
-13544
-14871
-15349
-14626
-13054
-11482
-10757
-11231
-12552
-13873
-14345
-13616
-12038
-10459
-9728
-10196
-11511
-12826
-13292
-12557
-10974
-9389
-8653
-9115
-10425
-11735
-12195
-11455
-9866
-8277
-7535
-7993
-9298
-10602
-11058
-10313
-8720
-7126
-6380
-6833
-8134
-9434
-9885
-9137
-7539
-5941
-5191
-5640
-6937
-8234
-8682
-7930
-6329
-4727
-3974
-4420
-5714
-7007
-7452
-6697
-5093
-3489
-2733
-3176
-4468
-5759
-6201
-5444
-3838
-2231
-1473
-1914
-3204
-4493
-4934
-4174
-2567
-959
-199
-639
-1927
-3215
-3655
-2895
-1286
323
1083
644
-643
-1931
-2370
-1609
-0
1609
2370
1931
643
-644
-1083
-323
1286
2895
3655
3215
1927
639
199
959
2567
4174
4934
4493
3204
1914
1473
2231
3838
5444
6201
5759
4468
3176
2733
3489
5093
6697
7452
7007
5714
4420
3974
4727
6329
7930
8682
8234
6937
5640
5191
5941
7539
9137
9885
9434
8134
6833
6380
7126
8720
10313
11058
10602
9298
7993
7535
8277
9866
11455
12195
11735
10425
9115
8653
9389
10974
12557
13292
12826
11511
10196
9728
10459
12038
13616
14345
13873
12552
11231
10757
11482
13054
14626
15349
14871
13544
12216
11735
12454
14020
15585
16300
15816
14482
13147
12659
13371
14929
16487
17196
16704
15362
14020
13525
14229
15780
17330
18031
17531
16182
14832
14330
15025
16569
18111
18804
18296
16939
15580
15069
15757
17292
18826
19510
18994
17628
16261
15742
16421
17947
19472
20148
19622
18248
16872
16344
17014
18531
20047
20714
20179
18796
17411
16873
17534
19042
20549
21206
20662
19269
17875
17328
17979
19478
20975
21623
21069
19667
18263
17706
18348
19837
21324
21962
21399
19987
18573
18006
18638
20117
21595
22223
21650
20228
18804
18228
18850
20319
21786
22404
21821
20389
18955
18369
18981
20440
21897
22505
21912
20470
19026
18429
19031
20480
21928
22525
21922
20470
19016
18409
19001
20440
21877
22465
21852
20389
18925
18308
18890
20319
21746
22324
21701
20228
18754
18127
18699
20117
21535
22102
21469
19987
18503
17866
18428
19837
21244
21802
21159
19667
18173
17527
18079
19478
20875
21424
20771
19269
17766
17110
17652
19042
20430
20969
20307
18796
17283
16618
17151
18531
19910
20440
19768
18248
16726
16052
16576
17947
19317
19838
19157
17628
16097
15414
15929
17292
18653
19165
18477
16939
15400
14708
15215
16569
17922
18426
17729
16182
14635
13935
14434
15780
17125
17621
16916
15362
13807
13100
13591
14929
16267
16755
16043
14482
12919
12204
12688
14020
15350
15831
15112
13544
11974
11253
11730
13054
14378
14853
14127
12552
10977
10249
10719
12038
13355
13824
13092
11511
9930
9196
9661
10974
12286
12749
12011
10425
8838
8099
8559
9866
11173
11631
10889
9298
7706
6962
7417
8720
10022
10476
9729
8134
6538
5789
6240
7539
8838
9287
8537
6937
5338
4586
5033
6329
7624
8070
7316
5714
4111
3356
3801
5093
6385
6829
6073
4468
2862
2105
2547
3838
5128
5569
4811
3204
1597
838
1278
2567
3855
4295
3536
1927
319
-441
-2
1286
2574
3013
2252
643
-966
-1726
-1287
-0
1287
1726
966
-643
-2252
-3013
-2574
-1286
2
441
-319
-1927
-3536
-4295
-3855
-2567
-1278
-838
-1597
-3204
-4811
-5569
-5128
-3838
-2547
-2105
-2862
-4468
-6073
-6829
-6385
-5093
-3801
-3356
-4111
-5714
-7316
-8070
-7624
-6329
-5033
-4586
-5338
-6937
-8537
-9287
-8838
-7539
-6240
-5789
-6538
-8134
-9729
-10476
-10022
-8720
-7417
-6962
-7706
-9298
-10889
-11631
-11173
-9866
-8559
-8099
-8838
-10425
-12011
-12749
-12286
-10974
-9661
-9196
-9930
-11511
-13092
-13824
-13355
-12038
-10719
-10249
-10977
-12552
-14127
-14853
-14378
-13054
-11730
-11253
-11974
-13544
-15112
-15831
-15350
-14020
-12688
-12204
-12919
-14482
-16043
-16755
-16267
-14929
-13591
-13100
-13807
-15362
-16916
-17621
-17125
-15780
-14434
-13935
-14635
-16182
-17729
-18426
-17922
-16569
-15215
-14708
-15400
-16939
-18477
-19165
-18653
-17292
-15929
-15414
-16097
-17628
-19157
-19838
-19317
-17947
-16576
-16052
-16726
-18248
-19768
-20440
-19910
-18531
-17151
-16618
-17283
-18796
-20307
-20969
-20430
-19042
-17652
-17110
-17766
-19269
-20771
-21424
-20875
-19478
-18079
-17527
-18173
-19667
-21159
-21802
-21244
-19837
-18428
-17866
-18503
-19987
-21469
-22102
-21535
-20117
-18699
-18127
-18754
-20228
-21701
-22324
-21746
-20319
-18890
-18308
-18925
-20389
-21852
-22465
-21877
-20440
-19001
-18409
-19016
-20470
-21922
-22525
-21928
-20480
-19031
-18429
-19026
-20470
-21912
-22505
-21897
-20440
-18981
-18369
-18955
-20389
-21821
-22404
-21786
-20319
-18850
-18228
-18804
-20228
-21650
-22223
-21595
-20117
-18638
-18006
-18573
-19987
-21399
-21962
-21324
-19837
-18348
-17706
-18263
-19667
-21069
-21623
-20975
-19478
-17979
-17328
-17875
-19269
-20662
-21206
-20549
-19042
-17534
-16873
-17411
-18796
-20179
-20714
-20047
-18531
-17014
-16344
-16872
-18248
-19622
-20148
-19472
-17947
-16421
-15742
-16261
-17628
-18994
-19510
-18826
-17292
-15757
-15069
-15580
-16939
-18296
-18804
-18111
-16569
-15025
-14330
-14832
-16182
-17531
-18031
-17330
-15780
-14229
-13525
-14020
-15362
-16704
-17196
-16487
-14929
-13371
-12659
-13147
-14482
-15816
-16300
-15585
-14020
-12454
-11735
-12216
-13544
-14871
-15349
-14626
-13054
-11482
-10757
-11231
-12552
-13873
-14345
-13616
-12038
-10459
-9728
-10196
-11511
-12826
-13292
-12557
-10974
-9389
-8653
-9115
-10425
-11735
-12195
-11455
-9866
-8277
-7535
-7993
-9298
-10602
-11058
-10313
-8720
-7126
-6380
-6833
-8134
-9434
-9885
-9137
-7539
-5941
-5191
-5640
-6937
-8234
-8682
-7930
-6329
-4727
-3974
-4420
-5714
-7007
-7452
-6697
-5093
-3489
-2733
-3176
-4468
-5759
-6201
-5444
-3838
-2231
-1473
-1914
-3204
-4493
-4934
-4174
-2567
-959
-199
-639
-1927
-3215
-3655
-2895
-1286
323
1083
644
-643
-1931
-2370
-1609
-0
1609
2370
1931
643
-644
-1083
-323
1286
2895
3655
3215
1927
639
199
959
2567
4174
4934
4493
3204
1914
1473
2231
3838
5444
6201
5759
4468
3176
2733
3489
5093
6697
7452
7007
5714
4420
3974
4727
6329
7930
8682
8234
6937
5640
5191
5941
7539
9137
9885
9434
8134
6833
6380
7126
8720
10313
11058
10602
9298
7993
7535
8277
9866
11455
12195
11735
10425
9115
8653
9389
10974
12557
13292
12826
11511
10196
9728
10459
12038
13616
14345
13873
12552
11231
10757
11482
13054
14626
15349
14871
13544
12216
11735
12454
14020
15585
16300
15816
14482
13147
12659
13371
14929
16487
17196
16704
15362
14020
13525
14229
15780
17330
18031
17531
16182
14832
14330
15025
16569
18111
18804
18296
16939
15580
15069
15757
17292
18826
19510
18994
17628
16261
15742
16421
17947
19472
20148
19622
18248
16872
16344
17014
18531
20047
20714
20179
18796
17411
16873
17534
19042
20549
21206
20662
19269
17875
17328
17979
19478
20975
21623
21069
19667
18263
17706
18348
19837
21324
21962
21399
19987
18573
18006
18638
20117
21595
22223
21650
20228
18804
18228
18850
20319
21786
22404
21821
20389
18955
18369
18981
20440
21897
22505
21912
20470
19026
18429
19031
20480
21928
22525
21922
20470
19016
18409
19001
20440
21877
22465
21852
20389
18925
18308
18890
20319
21746
22324
21701
20228
18754
18127
18699
20117
21535
22102
21469
19987
18503
17866
18428
19837
21244
21802
21159
19667
18173
17527
18079
19478
20875
21424
20771
19269
17766
17110
17652
19042
20430
20969
20307
18796
17283
16618
17151
18531
19910
20440
19768
18248
16726
16052
16576
17947
19317
19838
19157
17628
16097
15414
15929
17292
18653
19165
18477
16939
15400
14708
15215
16569
17922
18426
17729
16182
14635
13935
14434
15780
17125
17621
16916
15362
13807
13100
13591
14929
16267
16755
16043
14482
12919
12204
12688
14020
15350
15831
15112
13544
11974
11253
11730
13054
14378
14853
14127
12552
10977
10249
10719
12038
13355
13824
13092
11511
9930
9196
9661
10974
12286
12749
12011
10425
8838
8099
8559
9866
11173
11631
10889
9298
7706
6962
7417
8720
10022
10476
9729
8134
6538
5789
6240
7539
8838
9287
8537
6937
5338
4586
5033
6329
7624
8070
7316
5714
4111
3356
3801
5093
6385
6829
6073
4468
2862
2105
2547
3838
5128
5569
4811
3204
1597
838
1278
2567
3855
4295
3536
1927
319
-441
-2
1286
2574
3013
2252
643
-966
-1726
-1287
-0
1287
1726
966
-643
-2252
-3013
-2574
-1286
2
441
-319
-1927
-3536
-4295
-3855
-2567
-1278
-838
-1597
-3204
-4811
-5569
-5128
-3838
-2547
-2105
-2862
-4468
-6073
-6829
-6385
-5093
-3801
-3356
-4111
-5714
-7316
-8070
-7624
-6329
-5033
-4586
-5338
-6937
-8537
-9287
-8838
-7539
-6240
-5789
-6538
-8134
-9729
-10476
-10022
-8720
-7417
-6962
-7706
-9298
-10889
-11631
-11173
-9866
-8559
-8099
-8838
-10425
-12011
-12749
-12286
-10974
-9661
-9196
-9930
-11511
-13092
-13824
-13355
-12038
-10719
-10249
-10977
-12552
-14127
-14853
-14378
-13054
-11730
-11253
-11974
-13544
-15112
-15831
-15350
-14020
-12688
-12204
-12919
-14482
-16043
-16755
-16267
-14929
-13591
-13100
-13807
-15362
-16916
-17621
-17125
-15780
-14434
-13935
-14635
-16182
-17729
-18426
-17922
-16569
-15215
-14708
-15400
-16939
-18477
-19165
-18653
-17292
-15929
-15414
-16097
-17628
-19157
-19838
-19317
-17947
-16576
-16052
-16726
-18248
-19768
-20440
-19910
-18531
-17151
-16618
-17283
-18796
-20307
-20969
-20430
-19042
-17652
-17110
-17766
-19269
-20771
-21424
-20875
-19478
-18079
-17527
-18173
-19667
-21159
-21802
-21244
-19837
-18428
-17866
-18503
-19987
-21469
-22102
-21535
-20117
-18699
-18127
-18754
-20228
-21701
-22324
-21746
-20319
-18890
-18308
-18925
-20389
-21852
-22465
-21877
-20440
-19001
-18409
-19016
-20470
-21922
-22525
-21928
-20480
-19031
-18429
-19026
-20470
-21912
-22505
-21897
-20440
-18981
-18369
-18955
-20389
-21821
-22404
-21786
-20319
-18850
-18228
-18804
-20228
-21650
-22223
-21595
-20117
-18638
-18006
-18573
-19987
-21399
-21962
-21324
-19837
-18348
-17706
-18263
-19667
-21069
-21623
-20975
-19478
-17979
-17328
-17875
-19269
-20662
-21206
-20549
-19042
-17534
-16873
-17411
-18796
-20179
-20714
-20047
-18531
-17014
-16344
-16872
-18248
-19622
-20148
-19472
-17947
-16421
-15742
-16261
-17628
-18994
-19510
-18826
-17292
-15757
-15069
-15580
-16939
-18296
-18804
-18111
-16569
-15025
-14330
-14832
-16182
-17531
-18031
-17330
-15780
-14229
-13525
-14020
-15362
-16704
-17196
-16487
-14929
-13371
-12659
-13147
-14482
-15816
-16300
-15585
-14020
-12454
-11735
-12216
-13544
-14871
-15349
-14626
-13054
-11482
-10757
-11231
-12552
-13873
-14345
-13616
-12038
-10459
-9728
-10196
-11511
-12826
-13292
-12557
-10974
-9389
-8653
-9115
-10425
-11735
-12195
-11455
-9866
-8277
-7535
-7993
-9298
-10602
-11058
-10313
-8720
-7126
-6380
-6833
-8134
-9434
-9885
-9137
-7539
-5941
-5191
-5640
-6937
-8234
-8682
-7930
-6329
-4727
-3974
-4420
-5714
-7007
-7452
-6697
-5093
-3489
-2733
-3176
-4468
-5759
-6201
-5444
-3838
-2231
-1473
-1914
-3204
-4493
-4934
-4174
-2567
-959
-199
-639
-1927
-3215
-3655
-2895
-1286
323
1083
644
-643
-1931
-2370
-1609
-0
1609
2370
1931
643
-644
-1083
-323
1286
2895
3655
3215
1927
639
199
959
2567
4174
4934
4493
3204
1914
1473
2231
3838
5444
6201
5759
4468
3176
2733
3489
5093
6697
7452
7007
5714
4420
3974
4727
6329
7930
8682
8234
6937
5640
5191
5941
7539
9137
9885
9434
8134
6833
6380
7126
8720
10313
11058
10602
9298
7993
7535
8277
9866
11455
12195
11735
10425
9115
8653
9389
10974
12557
13292
12826
11511
10196
9728
10459
12038
13616
14345
13873
12552
11231
10757
11482
13054
14626
15349
14871
13544
12216
11735
12454
14020
15585
16300
15816
14482
13147
12659
13371
14929
16487
17196
16704
15362
14020
13525
14229
15780
17330
18031
17531
16182
14832
14330
15025
16569
18111
18804
18296
16939
15580
15069
15757
17292
18826
19510
18994
17628
16261
15742
16421
17947
19472
20148
19622
18248
16872
16344
17014
18531
20047
20714
20179
18796
17411
16873
17534
19042
20549
21206
20662
19269
17875
17328
17979
19478
20975
21623
21069
19667
18263
17706
18348
19837
21324
21962
21399
19987
18573
18006
18638
20117
21595
22223
21650
20228
18804
18228
18850
20319
21786
22404
21821
20389
18955
18369
18981
20440
21897
22505
21912
20470
19026
18429
19031
20480
21928
22525
21922
20470
19016
18409
19001
20440
21877
22465
21852
20389
18925
18308
18890
20319
21746
22324
21701
20228
18754
18127
18699
20117
21535
22102
21469
19987
18503
17866
18428
19837
21244
21802
21159
19667
18173
17527
18079
19478
20875
21424
20771
19269
17766
17110
17652
19042
20430
20969
20307
18796
17283
16618
17151
18531
19910
20440
19768
18248
16726
16052
16576
17947
19317
19838
19157
17628
16097
15414
15929
17292
18653
19165
18477
16939
15400
14708
15215
16569
17922
18426
17729
16182
14635
13935
14434
15780
17125
17621
16916
15362
13807
13100
13591
14929
16267
16755
16043
14482
12919
12204
12688
14020
15350
15831
15112
13544
11974
11253
11730
13054
14378
14853
14127
12552
10977
10249
10719
12038
13355
13824
13092
11511
9930
9196
9661
10974
12286
12749
12011
10425
8838
8099
8559
9866
11173
11631
10889
9298
7706
6962
7417
8720
10022
10476
9729
8134
6538
5789
6240
7539
8838
9287
8537
6937
5338
4586
5033
6329
7624
8070
7316
5714
4111
3356
3801
5093
6385
6829
6073
4468
2862
2105
2547
3838
5128
5569
4811
3204
1597
838
1278
2567
3855
4295
3536
1927
319
-441
-2
1286
2574
3013
2252
643
-966
-1726
-1287
0
1287
1726
966
-643
-2252
-3013
-2574
-1286
2
441
-319
-1927
-3536
-4295
-3855
-2567
-1278
-838
-1597
-3204
-4811
-5569
-5128
-3838
-2547
-2105
-2862
-4468
-6073
-6829
-6385
-5093
-3801
-3356
-4111
-5714
-7316
-8070
-7624
-6329
-5033
-4586
-5338
-6937
-8537
-9287
-8838
-7539
-6240
-5789
-6538
-8134
-9729
-10476
-10022
-8720
-7417
-6962
-7706
-9298
-10889
-11631
-11173
-9866
-8559
-8099
-8838
-10425
-12011
-12749
-12286
-10974
-9661
-9196
-9930
-11511
-13092
-13824
-13355
-12038
-10719
-10249
-10977
-12552
-14127
-14853
-14378
-13054
-11730
-11253
-11974
-13544
-15112
-15831
-15350
-14020
-12688
-12204
-12919
-14482
-16043
-16755
-16267
-14929
-13591
-13100
-13807
-15362
-16916
-17621
-17125
-15780
-14434
-13935
-14635
-16182
-17729
-18426
-17922
-16569
-15215
-14708
-15400
-16939
-18477
-19165
-18653
-17292
-15929
-15414
-16097
-17628
-19157
-19838
-19317
-17947
-16576
-16052
-16726
-18248
-19768
-20440
-19910
-18531
-17151
-16618
-17283
-18796
-20307
-20969
-20430
-19042
-17652
-17110
-17766
-19269
-20771
-21424
-20875
-19478
-18079
-17527
-18173
-19667
-21159
-21802
-21244
-19837
-18428
-17866
-18503
-19987
-21469
-22102
-21535
-20117
-18699
-18127
-18754
-20228
-21701
-22324
-21746
-20319
-18890
-18308
-18925
-20389
-21852
-22465
-21877
-20440
-19001
-18409
-19016
-20470
-21922
-22525
-21928
-20480
-19031
-18429
-19026
-20470
-21912
-22505
-21897
-20440
-18981
-18369
-18955
-20389
-21821
-22404
-21786
-20319
-18850
-18228
-18804
-20228
-21650
-22223
-21595
-20117
-18638
-18006
-18573
-19987
-21399
-21962
-21324
-19837
-18348
-17706
-18263
-19667
-21069
-21623
-20975
-19478
-17979
-17328
-17875
-19269
-20662
-21206
-20549
-19042
-17534
-16873
-17411
-18796
-20179
-20714
-20047
-18531
-17014
-16344
-16872
-18248
-19622
-20148
-19472
-17947
-16421
-15742
-16261
-17628
-18994
-19510
-18826
-17292
-15757
-15069
-15580
-16939
-18296
-18804
-18111
-16569
-15025
-14330
-14832
-16182
-17531
-18031
-17330
-15780
-14229
-13525
-14020
-15362
-16704
-17196
-16487
-14929
-13371
-12659
-13147
-14482
-15816
-16300
-15585
-14020
-12454
-11735
-12216
-13544
-14871
-15349
-14626
-13054
-11482
-10757
-11231
-12552
-13873
-14345
-13616
-12038
-10459
-9728
-10196
-11511
-12826
-13292
-12557
-10974
-9389
-8653
-9115
-10425
-11735
-12195
-11455
-9866
-8277
-7535
-7993
-9298
-10602
-11058
-10313
-8720
-7126
-6380
-6833
-8134
-9434
-9885
-9137
-7539
-5941
-5191
-5640
-6937
-8234
-8682
-7930
-6329
-4727
-3974
-4420
-5714
-7007
-7452
-6697
-5093
-3489
-2733
-3176
-4468
-5759
-6201
-5444
-3838
-2231
-1473
-1914
-3204
-4493
-4934
-4174
-2567
-959
-199
-639
-1927
-3215
-3655
-2895
-1286
323
1083
644
-643
-1931
-2370
-1609
-0
1609
2370
1931
643
-644
-1083
-323
1286
2895
3655
3215
1927
639
199
959
2567
4174
4934
4493
3204
1914
1473
2231
3838
5444
6201
5759
4468
3176
2733
3489
5093
6697
7452
7007
5714
4420
3974
4727
6329
7930
8682
8234
6937
5640
5191
5941
7539
9137
9885
9434
8134
6833
6380
7126
8720
10313
11058
10602
9298
7993
7535
8277
9866
11455
12195
11735
10425
9115
8653
9389
10974
12557
13292
12826
11511
10196
9728
10459
12038
13616
14345
13873
12552
11231
10757
11482
13054
14626
15349
14871
13544
12216
11735
12454
14020
15585
16300
15816
14482
13147
12659
13371
14929
16487
17196
16704
15362
14020
13525
14229
15780
17330
18031
17531
16182
14832
14330
15025
16569
18111
18804
18296
16939
15580
15069
15757
17292
18826
19510
18994
17628
16261
15742
16421
17947
19472
20148
19622
18248
16872
16344
17014
18531
20047
20714
20179
18796
17411
16873
17534
19042
20549
21206
20662
19269
17875
17328
17979
19478
20975
21623
21069
19667
18263
17706
18348
19837
21324
21962
21399
19987
18573
18006
18638
20117
21595
22223
21650
20228
18804
18228
18850
20319
21786
22404
21821
20389
18955
18369
18981
20440
21897
22505
21912
20470
19026
18429
19031
20480
21928
22525
21922
20470
19016
18409
19001
20440
21877
22465
21852
20389
18925
18308
18890
20319
21746
22324
21701
20228
18754
18127
18699
20117
21535
22102
21469
19987
18503
17866
18428
19837
21244
21802
21159
19667
18173
17527
18079
19478
20875
21424
20771
19269
17766
17110
17652
19042
20430
20969
20307
18796
17283
16618
17151
18531
19910
20440
19768
18248
16726
16052
16576
17947
19317
19838
19157
17628
16097
15414
15929
17292
18653
19165
18477
16939
15400
14708
15215
16569
17922
18426
17729
16182
14635
13935
14434
15780
17125
17621
16916
15362
13807
13100
13591
14929
16267
16755
16043
14482
12919
12204
12688
14020
15350
15831
15112
13544
11974
11253
11730
13054
14378
14853
14127
12552
10977
10249
10719
12038
13355
13824
13092
11511
9930
9196
9661
10974
12286
12749
12011
10425
8838
8099
8559
9866
11173
11631
10889
9298
7706
6962
7417
8720
10022
10476
9729
8134
6538
5789
6240
7539
8838
9287
8537
6937
5338
4586
5033
6329
7624
8070
7316
5714
4111
3356
3801
5093
6385
6829
6073
4468
2862
2105
2547
3838
5128
5569
4811
3204
1597
838
1278
2567
3855
4295
3536
1927
319
-441
-2
1286
2574
3013
2252
643
-966
-1726
-1287
-0
1287
1726
966
-643
-2252
-3013
-2574
-1286
2
441
-319
-1927
-3536
-4295
-3855
-2567
-1278
-838
-1597
-3204
-4811
-5569
-5128
-3838
-2547
-2105
-2862
-4468
-6073
-6829
-6385
-5093
-3801
-3356
-4111
-5714
-7316
-8070
-7624
-6329
-5033
-4586
-5338
-6937
-8537
-9287
-8838
-7539
-6240
-5789
-6538
-8134
-9729
-10476
-10022
-8720
-7417
-6962
-7706
-9298
-10889
-11631
-11173
-9866
-8559
-8099
-8838
-10425
-12011
-12749
-12286
-10974
-9661
-9196
-9930
-11511
-13092
-13824
-13355
-12038
-10719
-10249
-10977
-12552
-14127
-14853
-14378
-13054
-11730
-11253
-11974
-13544
-15112
-15831
-15350
-14020
-12688
-12204
-12919
-14482
-16043
-16755
-16267
-14929
-13591
-13100
-13807
-15362
-16916
-17621
-17125
-15780
-14434
-13935
-14635
-16182
-17729
-18426
-17922
-16569
-15215
-14708
-15400
-16939
-18477
-19165
-18653
-17292
-15929
-15414
-16097
-17628
-19157
-19838
-19317
-17947
-16576
-16052
-16726
-18248
-19768
-20440
-19910
-18531
-17151
-16618
-17283
-18796
-20307
-20969
-20430
-19042
-17652
-17110
-17766
-19269
-20771
-21424
-20875
-19478
-18079
-17527
-18173
-19667
-21159
-21802
-21244
-19837
-18428
-17866
-18503
-19987
-21469
-22102
-21535
-20117
-18699
-18127
-18754
-20228
-21701
-22324
-21746
-20319
-18890
-18308
-18925
-20389
-21852
-22465
-21877
-20440
-19001
-18409
-19016
-20470
-21922
-22525
-21928
-20480
-19031
-18429
-19026
-20470
-21912
-22505
-21897
-20440
-18981
-18369
-18955
-20389
-21821
-22404
-21786
-20319
-18850
-18228
-18804
-20228
-21650
-22223
-21595
-20117
-18638
-18006
-18573
-19987
-21399
-21962
-21324
-19837
-18348
-17706
-18263
-19667
-21069
-21623
-20975
-19478
-17979
-17328
-17875
-19269
-20662
-21206
-20549
-19042
-17534
-16873
-17411
-18796
-20179
-20714
-20047
-18531
-17014
-16344
-16872
-18248
-19622
-20148
-19472
-17947
-16421
-15742
-16261
-17628
-18994
-19510
-18826
-17292
-15757
-15069
-15580
-16939
-18296
-18804
-18111
-16569
-15025
-14330
-14832
-16182
-17531
-18031
-17330
-15780
-14229
-13525
-14020
-15362
-16704
-17196
-16487
-14929
-13371
-12659
-13147
-14482
-15816
-16300
-15585
-14020
-12454
-11735
-12216
-13544
-14871
-15349
-14626
-13054
-11482
-10757
-11231
-12552
-13873
-14345
-13616
-12038
-10459
-9728
-10196
-11511
-12826
-13292
-12557
-10974
-9389
-8653
-9115
-10425
-11735
-12195
-11455
-9866
-8277
-7535
-7993
-9298
-10602
-11058
-10313
-8720
-7126
-6380
-6833
-8134
-9434
-9885
-9137
-7539
-5941
-5191
-5640
-6937
-8234
-8682
-7930
-6329
-4727
-3974
-4420
-5714
-7007
-7452
-6697
-5093
-3489
-2733
-3176
-4468
-5759
-6201
-5444
-3838
-2231
-1473
-1914
-3204
-4493
-4934
-4174
-2567
-959
-199
-639
-1927
-3215
-3655
-2895
-1286
323
1083
644
-643
-1931
-2370
-1609
-0
1609
2370
1931
643
-644
-1083
-323
1286
2895
3655
3215
1927
639
199
959
2567
4174
4934
4493
3204
1914
1473
2231
3838
5444
6201
5759
4468
3176
2733
3489
5093
6697
7452
7007
5714
4420
3974
4727
6329
7930
8682
8234
6937
5640
5191
5941
7539
9137
9885
9434
8134
6833
6380
7126
8720
10313
11058
10602
9298
7993
7535
8277
9866
11455
12195
11735
10425
9115
8653
9389
10974
12557
13292
12826
11511
10196
9728
10459
12038
13616
14345
13873
12552
11231
10757
11482
13054
14626
15349
14871
13544
12216
11735
12454
14020
15585
16300
15816
14482
13147
12659
13371
14929
16487
17196
16704
15362
14020
13525
14229
15780
17330
18031
17531
16182
14832
14330
15025
16569
18111
18804
18296
16939
15580
15069
15757
17292
18826
19510
18994
17628
16261
15742
16421
17947
19472
20148
19622
18248
16872
16344
17014
18531
20047
20714
20179
18796
17411
16873
17534
19042
20549
21206
20662
19269
17875
17328
17979
19478
20975
21623
21069
19667
18263
17706
18348
19837
21324
21962
21399
19987
18573
18006
18638
20117
21595
22223
21650
20228
18804
18228
18850
20319
21786
22404
21821
20389
18955
18369
18981
20440
21897
22505
21912
20470
19026
18429
19031
20480
21928
22525
21922
20470
19016
18409
19001
20440
21877
22465
21852
20389
18925
18308
18890
20319
21746
22324
21701
20228
18754
18127
18699
20117
21535
22102
21469
19987
18503
17866
18428
19837
21244
21802
21159
19667
18173
17527
18079
19478
20875
21424
20771
19269
17766
17110
17652
19042
20430
20969
20307
18796
17283
16618
17151
18531
19910
20440
19768
18248
16726
16052
16576
17947
19317
19838
19157
17628
16097
15414
15929
17292
18653
19165
18477
16939
15400
14708
15215
16569
17922
18426
17729
16182
14635
13935
14434
15780
17125
17621
16916
15362
13807
13100
13591
14929
16267
16755
16043
14482
12919
12204
12688
14020
15350
15831
15112
13544
11974
11253
11730
13054
14378
14853
14127
12552
10977
10249
10719
12038
13355
13824
13092
11511
9930
9196
9661
10974
12286
12749
12011
10425
8838
8099
8559
9866
11173
11631
10889
9298
7706
6962
7417
8720
10022
10476
9729
8134
6538
5789
6240
7539
8838
9287
8537
6937
5338
4586
5033
6329
7624
8070
7316
5714
4111
3356
3801
5093
6385
6829
6073
4468
2862
2105
2547
3838
5128
5569
4811
3204
1597
838
1278
2567
3855
4295
3536
1927
319
-441
-2
1286
2574
3013
2252
643
-966
-1726
-1287
-0
1287
1726
966
-643
-2252
-3013
-2574
-1286
2
441
-319
-1927
-3536
-4295
-3855
-2567
-1278
-838
-1597
-3204
-4811
-5569
-5128
-3838
-2547
-2105
-2862
-4468
-6073
-6829
-6385
-5093
-3801
-3356
-4111
-5714
-7316
-8070
-7624
-6329
-5033
-4586
-5338
-6937
-8537
-9287
-8838
-7539
-6240
-5789
-6538
-8134
-9729
-10476
-10022
-8720
-7417
-6962
-7706
-9298
-10889
-11631
-11173
-9866
-8559
-8099
-8838
-10425
-12011
-12749
-12286
-10974
-9661
-9196
-9930
-11511
-13092
-13824
-13355
-12038
-10719
-10249
-10977
-12552
-14127
-14853
-14378
-13054
-11730
-11253
-11974
-13544
-15112
-15831
-15350
-14020
-12688
-12204
-12919
-14482
-16043
-16755
-16267
-14929
-13591
-13100
-13807
-15362
-16916
-17621
-17125
-15780
-14434
-13935
-14635
-16182
-17729
-18426
-17922
-16569
-15215
-14708
-15400
-16939
-18477
-19165
-18653
-17292
-15929
-15414
-16097
-17628
-19157
-19838
-19317
-17947
-16576
-16052
-16726
-18248
-19768
-20440
-19910
-18531
-17151
-16618
-17283
-18796
-20307
-20969
-20430
-19042
-17652
-17110
-17766
-19269
-20771
-21424
-20875
-19478
-18079
-17527
-18173
-19667
-21159
-21802
-21244
-19837
-18428
-17866
-18503
-19987
-21469
-22102
-21535
-20117
-18699
-18127
-18754
-20228
-21701
-22324
-21746
-20319
-18890
-18308
-18925
-20389
-21852
-22465
-21877
-20440
-19001
-18409
-19016
-20470
-21922
-22525
-21928
-20480
-19031
-18429
-19026
-20470
-21912
-22505
-21897
-20440
-18981
-18369
-18955
-20389
-21821
-22404
-21786
-20319
-18850
-18228
-18804
-20228
-21650
-22223
-21595
-20117
-18638
-18006
-18573
-19987
-21399
-21962
-21324
-19837
-18348
-17706
-18263
-19667
-21069
-21623
-20975
-19478
-17979
-17328
-17875
-19269
-20662
-21206
-20549
-19042
-17534
-16873
-17411
-18796
-20179
-20714
-20047
-18531
-17014
-16344
-16872
-18248
-19622
-20148
-19472
-17947
-16421
-15742
-16261
-17628
-18994
-19510
-18826
-17292
-15757
-15069
-15580
-16939
-18296
-18804
-18111
-16569
-15025
-14330
-14832
-16182
-17531
-18031
-17330
-15780
-14229
-13525
-14020
-15362
-16704
-17196
-16487
-14929
-13371
-12659
-13147
-14482
-15816
-16300
-15585
-14020
-12454
-11735
-12216
-13544
-14871
-15349
-14626
-13054
-11482
-10757
-11231
-12552
-13873
-14345
-13616
-12038
-10459
-9728
-10196
-11511
-12826
-13292
-12557
-10974
-9389
-8653
-9115
-10425
-11735
-12195
-11455
-9866
-8277
-7535
-7993
-9298
-10602
-11058
-10313
-8720
-7126
-6380
-6833
-8134
-9434
-9885
-9137
-7539
-5941
-5191
-5640
-6937
-8234
-8682
-7930
-6329
-4727
-3974
-4420
-5714
-7007
-7452
-6697
-5093
-3489
-2733
-3176
-4468
-5759
-6201
-5444
-3838
-2231
-1473
-1914
-3204
-4493
-4934
-4174
-2567
-959
-199
-639
-1927
-3215
-3655
-2895
-1286
323
1083
644
-643
-1931
-2370
-1609
-0
1609
2370
1931
643
-644
-1083
-323
1286
2895
3655
3215
1927
639
199
959
2567
4174
4934
4493
3204
1914
1473
2231
3838
5444
6201
5759
4468
3176
2733
3489
5093
6697
7452
7007
5714
4420
3974
4727
6329
7930
8682
8234
6937
5640
5191
5941
7539
9137
9885
9434
8134
6833
6380
7126
8720
10313
11058
10602
9298
7993
7535
8277
9866
11455
12195
11735
10425
9115
8653
9389
10974
12557
13292
12826
11511
10196
9728
10459
12038
13616
14345
13873
12552
11231
10757
11482
13054
14626
15349
14871
13544
12216
11735
12454
14020
15585
16300
15816
14482
13147
12659
13371
14929
16487
17196
16704
15362
14020
13525
14229
15780
17330
18031
17531
16182
14832
14330
15025
16569
18111
18804
18296
16939
15580
15069
15757
17292
18826
19510
18994
17628
16261
15742
16421
17947
19472
20148
19622
18248
16872
16344
17014
18531
20047
20714
20179
18796
17411
16873
17534
19042
20549
21206
20662
19269
17875
17328
17979
19478
20975
21623
21069
19667
18263
17706
18348
19837
21324
21962
21399
19987
18573
18006
18638
20117
21595
22223
21650
20228
18804
18228
18850
20319
21786
22404
21821
20389
18955
18369
18981
20440
21897
22505
21912
20470
19026
18429
19031
20480
21928
22525
21922
20470
19016
18409
19001
20440
21877
22465
21852
20389
18925
18308
18890
20319
21746
22324
21701
20228
18754
18127
18699
20117
21535
22102
21469
19987
18503
17866
18428
19837
21244
21802
21159
19667
18173
17527
18079
19478
20875
21424
20771
19269
17766
17110
17652
19042
20430
20969
20307
18796
17283
16618
17151
18531
19910
20440
19768
18248
16726
16052
16576
17947
19317
19838
19157
17628
16097
15414
15929
17292
18653
19165
18477
16939
15400
14708
15215
16569
17922
18426
17729
16182
14635
13935
14434
15780
17125
17621
16916
15362
13807
13100
13591
14929
16267
16755
16043
14482
12919
12204
12688
14020
15350
15831
15112
13544
11974
11253
11730
13054
14378
14853
14127
12552
10977
10249
10719
12038
13355
13824
13092
11511
9930
9196
9661
10974
12286
12749
12011
10425
8838
8099
8559
9866
11173
11631
10889
9298
7706
6962
7417
8720
10022
10476
9729
8134
6538
5789
6240
7539
8838
9287
8537
6937
5338
4586
5033
6329
7624
8070
7316
5714
4111
3356
3801
5093
6385
6829
6073
4468
2862
2105
2547
3838
5128
5569
4811
3204
1597
838
1278
2567
3855
4295
3536
1927
319
-441
-2
1286
2574
3013
2252
643
-966
-1726
-1287
-0
1287
1726
966
-643
-2252
-3013
-2574
-1286
2
441
-319
-1927
-3536
-4295
-3855
-2567
-1278
-838
-1597
-3204
-4811
-5569
-5128
-3838
-2547
-2105
-2862
-4468
-6073
-6829
-6385
-5093
-3801
-3356
-4111
-5714
-7316
-8070
-7624
-6329
-5033
-4586
-5338
-6937
-8537
-9287
-8838
-7539
-6240
-5789
-6538
-8134
-9729
-10476
-10022
-8720
-7417
-6962
-7706
-9298
-10889
-11631
-11173
-9866
-8559
-8099
-8838
-10425
-12011
-12749
-12286
-10974
-9661
-9196
-9930
-11511
-13092
-13824
-13355
-12038
-10719
-10249
-10977
-12552
-14127
-14853
-14378
-13054
-11730
-11253
-11974
-13544
-15112
-15831
-15350
-14020
-12688
-12204
-12919
-14482
-16043
-16755
-16267
-14929
-13591
-13100
-13807
-15362
-16916
-17621
-17125
-15780
-14434
-13935
-14635
-16182
-17729
-18426
-17922
-16569
-15215
-14708
-15400
-16939
-18477
-19165
-18653
-17292
-15929
-15414
-16097
-17628
-19157
-19838
-19317
-17947
-16576
-16052
-16726
-18248
-19768
-20440
-19910
-18531
-17151
-16618
-17283
-18796
-20307
-20969
-20430
-19042
-17652
-17110
-17766
-19269
-20771
-21424
-20875
-19478
-18079
-17527
-18173
-19667
-21159
-21802
-21244
-19837
-18428
-17866
-18503
-19987
-21469
-22102
-21535
-20117
-18699
-18127
-18754
-20228
-21701
-22324
-21746
-20319
-18890
-18308
-18925
-20389
-21852
-22465
-21877
-20440
-19001
-18409
-19016
-20470
-21922
-22525
-21928
-20480
-19031
-18429
-19026
-20470
-21912
-22505
-21897
-20440
-18981
-18369
-18955
-20389
-21821
-22404
-21786
-20319
-18850
-18228
-18804
-20228
-21650
-22223
-21595
-20117
-18638
-18006
-18573
-19987
-21399
-21962
-21324
-19837
-18348
-17706
-18263
-19667
-21069
-21623
-20975
-19478
-17979
-17328
-17875
-19269
-20662
-21206
-20549
-19042
-17534
-16873
-17411
-18796
-20179
-20714
-20047
-18531
-17014
-16344
-16872
-18248
-19622
-20148
-19472
-17947
-16421
-15742
-16261
-17628
-18994
-19510
-18826
-17292
-15757
-15069
-15580
-16939
-18296
-18804
-18111
-16569
-15025
-14330
-14832
-16182
-17531
-18031
-17330
-15780
-14229
-13525
-14020
-15362
-16704
-17196
-16487
-14929
-13371
-12659
-13147
-14482
-15816
-16300
-15585
-14020
-12454
-11735
-12216
-13544
-14871
-15349
-14626
-13054
-11482
-10757
-11231
-12552
-13873
-14345
-13616
-12038
-10459
-9728
-10196
-11511
-12826
-13292
-12557
-10974
-9389
-8653
-9115
-10425
-11735
-12195
-11455
-9866
-8277
-7535
-7993
-9298
-10602
-11058
-10313
-8720
-7126
-6380
-6833
-8134
-9434
-9885
-9137
-7539
-5941
-5191
-5640
-6937
-8234
-8682
-7930
-6329
-4727
-3974
-4420
-5714
-7007
-7452
-6697
-5093
-3489
-2733
-3176
-4468
-5759
-6201
-5444
-3838
-2231
-1473
-1914
-3204
-4493
-4934
-4174
-2567
-959
-199
-639
-1927
-3215
-3655
-2895
-1286
323
1083
644
-643
-1931
-2370
-1609
-0
1609
2370
1931
643
-644
-1083
-323
1286
2895
3655
3215
1927
639
199
959
2567
4174
4934
4493
3204
1914
1473
2231
3838
5444
6201
5759
4468
3176
2733
3489
5093
6697
7452
7007
5714
4420
3974
4727
6329
7930
8682
8234
6937
5640
5191
5941
7539
9137
9885
9434
8134
6833
6380
7126
8720
10313
11058
10602
9298
7993
7535
8277
9866
11455
12195
11735
10425
9115
8653
9389
10974
12557
13292
12826
11511
10196
9728
10459
12038
13616
14345
13873
12552
11231
10757
11482
13054
14626
15349
14871
13544
12216
11735
12454
14020
15585
16300
15816
14482
13147
12659
13371
14929
16487
17196
16704
15362
14020
13525
14229
15780
17330
18031
17531
16182
14832
14330
15025
16569
18111
18804
18296
16939
15580
15069
15757
17292
18826
19510
18994
17628
16261
15742
16421
17947
19472
20148
19622
18248
16872
16344
17014
18531
20047
20714
20179
18796
17411
16873
17534
19042
20549
21206
20662
19269
17875
17328
17979
19478
20975
21623
21069
19667
18263
17706
18348
19837
21324
21962
21399
19987
18573
18006
18638
20117
21595
22223
21650
20228
18804
18228
18850
20319
21786
22404
21821
20389
18955
18369
18981
20440
21897
22505
21912
20470
19026
18429
19031
20480
21928
22525
21922
20470
19016
18409
19001
20440
21877
22465
21852
20389
18925
18308
18890
20319
21746
22324
21701
20228
18754
18127
18699
20117
21535
22102
21469
19987
18503
17866
18428
19837
21244
21802
21159
19667
18173
17527
18079
19478
20875
21424
20771
19269
17766
17110
17652
19042
20430
20969
20307
18796
17283
16618
17151
18531
19910
20440
19768
18248
16726
16052
16576
17947
19317
19838
19157
17628
16097
15414
15929
17292
18653
19165
18477
16939
15400
14708
15215
16569
17922
18426
17729
16182
14635
13935
14434
15780
17125
17621
16916
15362
13807
13100
13591
14929
16267
16755
16043
14482
12919
12204
12688
14020
15350
15831
15112
13544
11974
11253
11730
13054
14378
14853
14127
12552
10977
10249
10719
12038
13355
13824
13092
11511
9930
9196
9661
10974
12286
12749
12011
10425
8838
8099
8559
9866
11173
11631
10889
9298
7706
6962
7417
8720
10022
10476
9729
8134
6538
5789
6240
7539
8838
9287
8537
6937
5338
4586
5033
6329
7624
8070
7316
5714
4111
3356
3801
5093
6385
6829
6073
4468
2862
2105
2547
3838
5128
5569
4811
3204
1597
838
1278
2567
3855
4295
3536
1927
319
-441
-2
1286
2574
3013
2252
643
-966
-1726
-1287
-0
1287
1726
966
-643
-2252
-3013
-2574
-1286
2
441
-319
-1927
-3536
-4295
-3855
-2567
-1278
-838
-1597
-3204
-4811
-5569
-5128
-3838
-2547
-2105
-2862
-4468
-6073
-6829
-6385
-5093
-3801
-3356
-4111
-5714
-7316
-8070
-7624
-6329
-5033
-4586
-5338
-6937
-8537
-9287
-8838
-7539
-6240
-5789
-6538
-8134
-9729
-10476
-10022
-8720
-7417
-6962
-7706
-9298
-10889
-11631
-11173
-9866
-8559
-8099
-8838
-10425
-12011
-12749
-12286
-10974
-9661
-9196
-9930
-11511
-13092
-13824
-13355
-12038
-10719
-10249
-10977
-12552
-14127
-14853
-14378
-13054
-11730
-11253
-11974
-13544
-15112
-15831
-15350
-14020
-12688
-12204
-12919
-14482
-16043
-16755
-16267
-14929
-13591
-13100
-13807
-15362
-16916
-17621
-17125
-15780
-14434
-13935
-14635
-16182
-17729
-18426
-17922
-16569
-15215
-14708
-15400
-16939
-18477
-19165
-18653
-17292
-15929
-15414
-16097
-17628
-19157
-19838
-19317
-17947
-16576
-16052
-16726
-18248
-19768
-20440
-19910
-18531
-17151
-16618
-17283
-18796
-20307
-20969
-20430
-19042
-17652
-17110
-17766
-19269
-20771
-21424
-20875
-19478
-18079
-17527
-18173
-19667
-21159
-21802
-21244
-19837
-18428
-17866
-18503
-19987
-21469
-22102
-21535
-20117
-18699
-18127
-18754
-20228
-21701
-22324
-21746
-20319
-18890
-18308
-18925
-20389
-21852
-22465
-21877
-20440
-19001
-18409
-19016
-20470
-21922
-22525
-21928
-20480
-19031
-18429
-19026
-20470
-21912
-22505
-21897
-20440
-18981
-18369
-18955
-20389
-21821
-22404
-21786
-20319
-18850
-18228
-18804
-20228
-21650
-22223
-21595
-20117
-18638
-18006
-18573
-19987
-21399
-21962
-21324
-19837
-18348
-17706
-18263
-19667
-21069
-21623
-20975
-19478
-17979
-17328
-17875
-19269
-20662
-21206
-20549
-19042
-17534
-16873
-17411
-18796
-20179
-20714
-20047
-18531
-17014
-16344
-16872
-18248
-19622
-20148
-19472
-17947
-16421
-15742
-16261
-17628
-18994
-19510
-18826
-17292
-15757
-15069
-15580
-16939
-18296
-18804
-18111
-16569
-15025
-14330
-14832
-16182
-17531
-18031
-17330
-15780
-14229
-13525
-14020
-15362
-16704
-17196
-16487
-14929
-13371
-12659
-13147
-14482
-15816
-16300
-15585
-14020
-12454
-11735
-12216
-13544
-14871
-15349
-14626
-13054
-11482
-10757
-11231
-12552
-13873
-14345
-13616
-12038
-10459
-9728
-10196
-11511
-12826
-13292
-12557
-10974
-9389
-8653
-9115
-10425
-11735
-12195
-11455
-9866
-8277
-7535
-7993
-9298
-10602
-11058
-10313
-8720
-7126
-6380
-6833
-8134
-9434
-9885
-9137
-7539
-5941
-5191
-5640
-6937
-8234
-8682
-7930
-6329
-4727
-3974
-4420
-5714
-7007
-7452
-6697
-5093
-3489
-2733
-3176
-4468
-5759
-6201
-5444
-3838
-2231
-1473
-1914
-3204
-4493
-4934
-4174
-2567
-959
-199
-639
-1927
-3215
-3655
-2895
-1286
323
1083
644
-643
-1931
-2370
-1609
-0
