0
0
201
201
442
522
442
307
266
427
789
1045
1205
1366
1526
1686
1846
2007
2166
2326
2486
2646
2805
2964
3123
3282
3441
3599
3758
3916
4073
4231
4388
4545
4702
4858
5014
5170
5325
5480
5635
5790
5944
6097
6251
6404
6556
6708
6860
7011
7162
7313
7463
7612
7761
7910
8058
8206
8353
8499
8645
8791
8936
9080
9224
9367
9510
9652
9794
9935
10075
10215
10354
10492
10630
10767
10903
11039
11174
11309
11442
11575
11708
11839
11970
12100
12230
12358
12486
12613
12740
12865
12990
13114
13237
13359
13481
13601
13721
13840
13958
14076
14192
14307
14422
14536
14648
14760
14871
14981
15091
15199
15306
15412
15518
15622
15726
15828
15930
16030
16130
16228
16326
16423
16518
16613
16706
16799
16890
16981
17070
17158
17245
17332
17417
17501
17584
17666
17746
17826
17905
17982
18059
18134
18208
18281
18353
18424
18493
18562
18629
18695
18760
18824
18887
18948
19009
19068
19126
19183
19238
19293
19346
19398
19449
19499
19547
19595
19641
19686
19729
19772
19813
19853
19892
19929
19965
20000
20034
20067
20098
20128
20157
20185
20211
20237
20261
20283
20305
20325
20344
20361
20378
20393
20407
20419
20431
20441
20450
20457
20463
20468
20472
20475
20476
20476
20475
20472
20468
20463
20457
20450
20441
20431
20419
20407
20393
20378
20361
20344
20325
20305
20283
20261
20237
20212
20185
20157
20128
20098
20067
20034
20000
19965
19929
19892
19853
19813
19772
19729
19686
19641
19595
19547
19499
19449
19398
19346
19293
19238
19183
19126
19068
19009
18948
18887
18824
18760
18695
18629
18562
18493
18424
18353
18281
18208
18134
18059
17982
17905
17826
17746
17665
17584
17501
17416
17331
17245
17158
17070
16981
16890
16799
16707
16613
16518
16423
16326
16229
16130
16030
15930
15828
15726
15622
15518
15412
15306
15199
15090
14981
14871
14760
14648
14535
14422
14307
14192
14075
13958
13840
13721
13601
13481
13359
13237
13114
12990
12865
12740
12613
12486
12358
12230
12100
11970
11839
11708
11575
11442
11309
11174
11039
10904
10767
10630
10492
10354
10215
10075
9935
9794
9652
9510
9367
9224
9080
8936
8791
8645
8499
8353
8206
8058
7910
7761
7612
7463
7313
7162
7011
6860
6708
6556
6404
6251
6097
5944
5790
5635
5480
5325
5170
5014
4858
4702
4545
4388
4231
4073
3916
3758
3599
3441
3282
3124
2964
2805
2646
2486
2326
2167
2007
1846
1686
1526
1366
1205
1044
884
723
562
402
241
80
-81
-242
-402
-563
-724
-885
-1045
-1206
-1366
-1527
-1687
-1847
-2007
-2167
-2327
-2487
-2647
-2806
-2965
-3124
-3283
-3442
-3600
-3758
-3916
-4074
-4232
-4389
-4546
-4702
-4859
-5015
-5171
-5326
-5481
-5636
-5791
-5945
-6098
-6252
-6405
-6557
-6709
-6861
-7012
-7163
-7314
-7464
-7613
-7762
-7911
-8059
-8206
-8354
-8500
-8646
-8792
-8937
-9081
-9225
-9368
-9511
-9653
-9795
-9935
-10076
-10215
-10355
-10493
-10631
-10768
-10904
-11040
-11175
-11310
-11443
-11576
-11709
-11840
-11971
-12101
-12231
-12359
-12487
-12614
-12740
-12866
-12991
-13115
-13238
-13360
-13481
-13602
-13722
-13841
-13959
-14076
-14193
-14308
-14423
-14536
-14649
-14761
-14872
-14982
-15091
-15200
-15307
-15413
-15519
-15623
-15726
-15829
-15931
-16031
-16131
-16229
-16327
-16424
-16519
-16614
-16707
-16800
-16891
-16982
-17071
-17159
-17246
-17332
-17417
-17501
-17584
-17666
-17747
-17827
-17906
-17983
-18059
-18135
-18209
-18282
-18354
-18424
-18494
-18563
-18630
-18696
-18761
-18825
-18888
-18949
-19009
-19069
-19127
-19183
-19239
-19294
-19347
-19399
-19450
-19500
-19548
-19595
-19642
-19686
-19730
-19772
-19814
-19854
-19892
-19930
-19966
-20001
-20035
-20068
-20099
-20129
-20158
-20186
-20212
-20238
-20262
-20284
-20306
-20326
-20345
-20362
-20379
-20394
-20408
-20420
-20432
-20442
-20450
-20458
-20464
-20469
-20473
-20476
-20477
-20477
-20476
-20473
-20469
-20464
-20458
-20450
-20442
-20431
-20420
-20407
-20394
-20378
-20362
-20344
-20326
-20305
-20284
-20261
-20238
-20212
-20186
-20158
-20129
-20099
-20068
-20035
-20001
-19966
-19930
-19892
-19854
-19814
-19772
-19730
-19686
-19642
-19595
-19548
-19500
-19450
-19399
-19347
-19294
-19239
-19184
-19127
-19069
-19010
-18949
-18888
-18825
-18761
-18696
-18630
-18563
-18494
-18424
-18354
-18282
-18209
-18135
-18059
-17983
-17906
-17827
-17747
-17667
-17585
-17502
-17418
-17332
-17246
-17159
-17071
-16981
-16891
-16800
-16707
-16614
-16519
-16423
-16327
-16229
-16131
-16031
-15930
-15829
-15726
-15623
-15519
-15413
-15307
-15200
-15091
-14982
-14872
-14761
-14649
-14537
-14423
-14308
-14193
-14076
-13959
-13841
-13722
-13602
-13482
-13360
-13238
-13115
-12991
-12866
-12740
-12614
-12487
-12359
-12231
-12101
-11971
-11840
-11709
-11576
-11443
-11310
-11175
-11040
-10904
-10768
-10631
-10493
-10355
-10216
-10076
-9936
-9795
-9653
-9511
-9368
-9225
-9081
-8937
-8792
-8646
-8500
-8354
-8207
-8059
-7911
-7762
-7613
-7463
-7313
-7163
-7012
-6861
-6709
-6557
-6405
-6252
-6098
-5945
-5790
-5636
-5481
-5326
-5171
-5015
-4859
-4702
-4546
-4389
-4232
-4074
-3916
-3758
-3600
-3442
-3283
-3124
-2965
-2806
-2647
-2487
-2327
-2167
-2007
-1847
-1687
-1527
-1366
-1206
-1045
-885
-724
-563
-403
-242
-81
80
241
402
562
723
884
1045
1205
1366
1526
1686
1846
2007
2166
2326
2486
2646
2805
2964
3123
3282
3441
3599
3758
3916
4073
4231
4388
4545
4702
4858
5014
5170
5325
5480
5635
5790
5944
6097
6251
6404
6556
6708
6860
7011
7162
7313
7463
7612
7761
7910
8058
8206
8353
8499
8645
8791
8936
9080
9224
9367
9510
9652
9794
9935
10075
10215
10354
10492
10630
10767
10903
11039
11174
11309
11442
11575
11708
11839
11970
12100
12230
12358
12486
12613
12740
12865
12990
13114
13237
13359
13481
13601
13721
13840
13958
14076
14192
14307
14422
14536
14648
14760
14871
14981
15091
15199
15306
15412
15518
15622
15726
15828
15930
16030
16130
16228
16326
16423
16518
16613
16706
16799
16890
16981
17070
17158
17245
17332
17417
17501
17584
17666
17746
17826
17905
17982
18059
18134
18208
18281
18353
18424
18493
18562
18629
18695
18760
18824
18887
18948
19009
19068
19126
19183
19238
19293
19346
19398
19449
19499
19547
19595
19641
19686
19729
19772
19813
19853
19892
19929
19965
20000
20034
20067
20098
20128
20157
20185
20211
20237
20261
20283
20305
20325
20344
20361
20378
20393
20407
20419
20431
20441
20450
20457
20463
20468
20472
20475
20476
20476
20475
20472
20468
20463
20457
20450
20441
20431
20419
20407
20393
20378
20361
20344
20325
20305
20283
20261
20237
20212
20185
20157
20128
20098
20067
20034
20000
19965
19929
19892
19853
19813
19772
19729
19686
19641
19595
19547
19499
19449
19398
19346
19293
19238
19183
19126
19068
19009
18948
18887
18824
18760
18695
18629
18562
18493
18424
18353
18281
18208
18134
18059
17982
17905
17826
17746
17665
17584
17501
17416
17331
17245
17158
17070
16981
16890
16799
16707
16613
16518
16423
16326
16229
16130
16030
15930
15828
15726
15622
15518
15412
15306
15199
15090
14981
14871
14760
14648
14535
14422
14307
14192
14075
13958
13840
13721
13601
13481
13359
13237
13114
12990
12865
12740
12613
12486
12358
12230
12100
11970
11839
11708
11575
11442
11309
11174
11039
10904
10767
10630
10492
10354
10215
10075
9935
9794
9652
9510
9367
9224
9080
8936
8791
8645
8499
8353
8206
8058
7910
7761
7612
7463
7313
7162
7011
6860
6708
6556
6404
6251
6097
5944
5790
5635
5480
5325
5170
5014
4858
4702
4545
4388
4231
4073
3916
3758
3599
3441
3282
3124
2964
2805
2646
2486
2326
2167
2007
1846
1686
1526
1366
1205
1044
884
723
562
402
241
80
-81
-242
-402
-563
-724
-885
-1045
-1206
-1366
-1527
-1687
-1847
-2007
-2167
-2327
-2487
-2647
-2806
-2965
-3124
-3283
-3442
-3600
-3758
-3916
-4074
-4232
-4389
-4546
-4702
-4859
-5015
-5171
-5326
-5481
-5636
-5791
-5945
-6098
-6252
-6405
-6557
-6709
-6861
-7012
-7163
-7314
-7464
-7613
-7762
-7911
-8059
-8206
-8354
-8500
-8646
-8792
-8937
-9081
-9225
-9368
-9511
-9653
-9795
-9935
-10076
-10215
-10355
-10493
-10631
-10768
-10904
-11040
-11175
-11310
-11443
-11576
-11709
-11840
-11971
-12101
-12231
-12359
-12487
-12614
-12740
-12866
-12991
-13115
-13238
-13360
-13481
-13602
-13722
-13841
-13959
-14076
-14193
-14308
-14423
-14536
-14649
-14761
-14872
-14982
-15091
-15200
-15307
-15413
-15519
-15623
-15726
-15829
-15931
-16031
-16131
-16229
-16327
-16424
-16519
-16614
-16707
-16800
-16891
-16982
-17071
-17159
-17246
-17332
-17417
-17501
-17584
-17666
-17747
-17827
-17906
-17983
-18059
-18135
-18209
-18282
-18354
-18424
-18494
-18563
-18630
-18696
-18761
-18825
-18888
-18949
-19009
-19069
-19127
-19183
-19239
-19294
-19347
-19399
-19450
-19500
-19548
-19595
-19642
-19686
-19730
-19772
-19814
-19854
-19892
-19930
-19966
-20001
-20035
-20068
-20099
-20129
-20158
-20186
-20212
-20238
-20262
-20284
-20306
-20326
-20345
-20362
-20379
-20394
-20408
-20420
-20432
-20442
-20450
-20458
-20464
-20469
-20473
-20476
-20477
-20477
-20476
-20473
-20469
-20464
-20458
-20450
-20442
-20431
-20420
-20407
-20394
-20378
-20362
-20344
-20326
-20305
-20284
-20261
-20238
-20212
-20186
-20158
-20129
-20099
-20068
-20035
-20001
-19966
-19930
-19892
-19854
-19814
-19772
-19730
-19686
-19642
-19595
-19548
-19500
-19450
-19399
-19347
-19294
-19239
-19184
-19127
-19069
-19010
-18949
-18888
-18825
-18761
-18696
-18630
-18563
-18494
-18424
-18354
-18282
-18209
-18135
-18059
-17983
-17906
-17827
-17747
-17667
-17585
-17502
-17418
-17332
-17246
-17159
-17071
-16981
-16891
-16800
-16707
-16614
-16519
-16423
-16327
-16229
-16131
-16031
-15930
-15829
-15726
-15623
-15519
-15413
-15307
-15200
-15091
-14982
-14872
-14761
-14649
-14537
-14423
-14308
-14193
-14076
-13959
-13841
-13722
-13602
-13482
-13360
-13238
-13115
-12991
-12866
-12740
-12614
-12487
-12359
-12231
-12101
-11971
-11840
-11709
-11576
-11443
-11310
-11175
-11040
-10904
-10768
-10631
-10493
-10355
-10216
-10076
-9936
-9795
-9653
-9511
-9368
-9225
-9081
-8937
-8792
-8646
-8500
-8354
-8207
-8059
-7911
-7762
-7613
-7463
-7313
-7163
-7012
-6861
-6709
-6557
-6405
-6252
-6098
-5945
-5790
-5636
-5481
-5326
-5171
-5015
-4859
-4702
-4546
-4389
-4232
-4074
-3916
-3758
-3600
-3442
-3283
-3124
-2965
-2806
-2647
-2487
-2327
-2167
-2007
-1847
-1687
-1527
-1366
-1206
-1045
-885
-724
-563
-403
-242
-81
80
241
402
562
723
884
1045
1205
1366
1526
1686
1846
2007
2166
2326
2486
2646
2805
2964
3123
3282
3441
3599
3758
3916
4073
4231
4388
4545
4702
4858
5014
5170
5325
5480
5635
5790
5944
6097
6251
6404
6556
6708
6860
7011
7162
7313
7463
7612
7761
7910
8058
8206
8353
8499
8645
8791
8936
9080
9224
9367
9510
9652
9794
9935
10075
10215
10354
10492
10630
10767
10903
11039
11174
11309
11442
11575
11708
11839
11970
12100
12230
12358
12486
12613
12740
12865
12990
13114
13237
13359
13481
13601
13721
13840
13958
14076
14192
14307
14422
14536
14648
14760
14871
14981
15091
15199
15306
15412
15518
15622
15726
15828
15930
16030
16130
16228
16326
16423
16518
16613
16706
16799
16890
16981
17070
17158
17245
17332
17417
17501
17584
17666
17746
17826
17905
17982
18059
18134
18208
18281
18353
18424
18493
18562
18629
18695
18760
18824
18887
18948
19009
19068
19126
19183
19238
19293
19346
19398
19449
19499
19547
19595
19641
19686
19729
19772
19813
19853
19892
19929
19965
20000
20034
20067
20098
20128
20157
20185
20211
20237
20261
20283
20305
20325
20344
20361
20378
20393
20407
20419
20431
20441
20450
20457
20463
20468
20472
20475
20476
20476
20475
20472
20468
20463
20457
20450
20441
20431
20419
20407
20393
20378
20361
20344
20325
20305
20283
20261
20237
20212
20185
20157
20128
20098
20067
20034
20000
19965
19929
19892
19853
19813
19772
19729
19686
19641
19595
19547
19499
19449
19398
19346
19293
19238
19183
19126
19068
19009
18948
18887
18824
18760
18695
18629
18562
18493
18424
18353
18281
18208
18134
18059
17982
17905
17826
17746
17665
17584
17501
17416
17331
17245
17158
17070
16981
16890
16799
16707
16613
16518
16423
16326
16229
16130
16030
15930
15828
15726
15622
15518
15412
15306
15199
15090
14981
14871
14760
14648
14535
14422
14307
14192
14075
13958
13840
13721
13601
13481
13359
13237
13114
12990
12865
12740
12613
12486
12358
12230
12100
11970
11839
11708
11575
11442
11309
11174
11039
10904
10767
10630
10492
10354
10215
10075
9935
9794
9652
9510
9367
9224
9080
8936
8791
8645
8499
8353
8206
8058
7910
7761
7612
7463
7313
7162
7011
6860
6708
6556
6404
6251
6097
5944
5790
5635
5480
5325
5170
5014
4858
4702
4545
4388
4231
4073
3916
3758
3599
3441
3282
3124
2964
2805
2646
2486
2326
2167
2007
1846
1686
1526
1366
1205
1044
884
723
562
402
241
80
-81
-242
-402
-563
-724
-885
-1045
-1206
-1366
-1527
-1687
-1847
-2007
-2167
-2327
-2487
-2647
-2806
-2965
-3124
-3283
-3442
-3600
-3758
-3916
-4074
-4232
-4389
-4546
-4702
-4859
-5015
-5171
-5326
-5481
-5636
-5791
-5945
-6098
-6252
-6405
-6557
-6709
-6861
-7012
-7163
-7314
-7464
-7613
-7762
-7911
-8059
-8206
-8354
-8500
-8646
-8792
-8937
-9081
-9225
-9368
-9511
-9653
-9795
-9935
-10076
-10215
-10355
-10493
-10631
-10768
-10904
-11040
-11175
-11310
-11443
-11576
-11709
-11840
-11971
-12101
-12231
-12359
-12487
-12614
-12740
-12866
-12991
-13115
-13238
-13360
-13481
-13602
-13722
-13841
-13959
-14076
-14193
-14308
-14423
-14536
-14649
-14761
-14872
-14982
-15091
-15200
-15307
-15413
-15519
-15623
-15726
-15829
-15931
-16031
-16131
-16229
-16327
-16424
-16519
-16614
-16707
-16800
-16891
-16982
-17071
-17159
-17246
-17332
-17417
-17501
-17584
-17666
-17747
-17827
-17906
-17983
-18059
-18135
-18209
-18282
-18354
-18424
-18494
-18563
-18630
-18696
-18761
-18825
-18888
-18949
-19009
-19069
-19127
-19183
-19239
-19294
-19347
-19399
-19450
-19500
-19548
-19595
-19642
-19686
-19730
-19772
-19814
-19854
-19892
-19930
-19966
-20001
-20035
-20068
-20099
-20129
-20158
-20186
-20212
-20238
-20262
-20284
-20306
-20326
-20345
-20362
-20379
-20394
-20408
-20420
-20432
-20442
-20450
-20458
-20464
-20469
-20473
-20476
-20477
-20477
-20476
-20473
-20469
-20464
-20458
-20450
-20442
-20431
-20420
-20407
-20394
-20378
-20362
-20344
-20326
-20305
-20284
-20261
-20238
-20212
-20186
-20158
-20129
-20099
-20068
-20035
-20001
-19966
-19930
-19892
-19854
-19814
-19772
-19730
-19686
-19642
-19595
-19548
-19500
-19450
-19399
-19347
-19294
-19239
-19184
-19127
-19069
-19010
-18949
-18888
-18825
-18761
-18696
-18630
-18563
-18494
-18424
-18354
-18282
-18209
-18135
-18059
-17983
-17906
-17827
-17747
-17667
-17585
-17502
-17418
-17332
-17246
-17159
-17071
-16981
-16891
-16800
-16707
-16614
-16519
-16423
-16327
-16229
-16131
-16031
-15930
-15829
-15726
-15623
-15519
-15413
-15307
-15200
-15091
-14982
-14872
-14761
-14649
-14537
-14423
-14308
-14193
-14076
-13959
-13841
-13722
-13602
-13482
-13360
-13238
-13115
-12991
-12866
-12740
-12614
-12487
-12359
-12231
-12101
-11971
-11840
-11709
-11576
-11443
-11310
-11175
-11040
-10904
-10768
-10631
-10493
-10355
-10216
-10076
-9936
-9795
-9653
-9511
-9368
-9225
-9081
-8937
-8792
-8646
-8500
-8354
-8207
-8059
-7911
-7762
-7613
-7463
-7313
-7163
-7012
-6861
-6709
-6557
-6405
-6252
-6098
-5945
-5790
-5636
-5481
-5326
-5171
-5015
-4859
-4702
-4546
-4389
-4232
-4074
-3916
-3758
-3600
-3442
-3283
-3124
-2965
-2806
-2647
-2487
-2327
-2167
-2007
-1847
-1687
-1527
-1366
-1206
-1045
-885
-724
-563
-403
-242
-81
80
241
402
562
723
884
1045
1205
1366
1526
1686
1846
2007
2166
2326
2486
2646
2805
2964
3123
3282
3441
3599
3758
3916
4073
4231
4388
4545
4702
4858
5014
5170
5325
5480
5635
5790
5944
6097
6251
6404
6556
6708
6860
7011
7162
7313
7463
7612
7761
7910
8058
8206
8353
8499
8645
8791
8936
9080
9224
9367
9510
9652
9794
9935
10075
10215
10354
10492
10630
10767
10903
11039
11174
11309
11442
11575
11708
11839
11970
12100
12230
12358
12486
12613
12740
12865
12990
13114
13237
13359
13481
13601
13721
13840
13958
14076
14192
14307
14422
14536
14648
14760
14871
14981
15091
15199
15306
15412
15518
15622
15726
15828
15930
16030
16130
16228
16326
16423
16518
16613
16706
16799
16890
16981
17070
17158
17245
17332
17417
17501
17584
17666
17746
17826
17905
17982
18059
18134
18208
18281
18353
18424
18493
18562
18629
18695
18760
18824
18887
18948
19009
19068
19126
19183
19238
19293
19346
19398
19449
19499
19547
19595
19641
19686
19729
19772
19813
19853
19892
19929
19965
20000
20034
20067
20098
20128
20157
20185
20211
20237
20261
20283
20305
20325
20344
20361
20378
20393
20407
20419
20431
20441
20450
20457
20463
20468
20472
20475
20476
20476
20475
20472
20468
20463
20457
20450
20441
20431
20419
20407
20393
20378
20361
20344
20325
20305
20283
20261
20237
20212
20185
20157
20128
20098
20067
20034
20000
19965
19929
19892
19853
19813
19772
19729
19686
19641
19595
19547
19499
19449
19398
19346
19293
19238
19183
19126
19068
19009
18948
18887
18824
18760
18695
18629
18562
18493
18424
18353
18281
18208
18134
18059
17982
17905
17826
17746
17665
17584
17501
17416
17331
17245
17158
17070
16981
16890
16799
16707
16613
16518
16423
16326
16229
16130
16030
15930
15828
15726
15622
15518
15412
15306
15199
15090
14981
14871
14760
14648
14535
14422
14307
14192
14075
13958
13840
13721
13601
13481
13359
13237
13114
12990
12865
12740
12613
12486
12358
12230
12100
11970
11839
11708
11575
11442
11309
11174
11039
10904
10767
10630
10492
10354
10215
10075
9935
9794
9652
9510
9367
9224
9080
8936
8791
8645
8499
8353
8206
8058
7910
7761
7612
7463
7313
7162
7011
6860
6708
6556
6404
6251
6097
5944
5790
5635
5480
5325
5170
5014
4858
4702
4545
4388
4231
4073
3916
3758
3599
3441
3282
3124
2964
2805
2646
2486
2326
2167
2007
1846
1686
1526
1366
1205
1044
884
723
562
402
241
80
-81
-242
-402
-563
-724
-885
-1045
-1206
-1366
-1527
-1687
-1847
-2007
-2167
-2327
-2487
-2647
-2806
-2965
-3124
-3283
-3442
-3600
-3758
-3916
-4074
-4232
-4389
-4546
-4702
-4859
-5015
-5171
-5326
-5481
-5636
-5791
-5945
-6098
-6252
-6405
-6557
-6709
-6861
-7012
-7163
-7314
-7464
-7613
-7762
-7911
-8059
-8206
-8354
-8500
-8646
-8792
-8937
-9081
-9225
-9368
-9511
-9653
-9795
-9935
-10076
-10215
-10355
-10493
-10631
-10768
-10904
-11040
-11175
-11310
-11443
-11576
-11709
-11840
-11971
-12101
-12231
-12359
-12487
-12614
-12740
-12866
-12991
-13115
-13238
-13360
-13481
-13602
-13722
-13841
-13959
-14076
-14193
-14308
-14423
-14536
-14649
-14761
-14872
-14982
-15091
-15200
-15307
-15413
-15519
-15623
-15726
-15829
-15931
-16031
-16131
-16229
-16327
-16424
-16519
-16614
-16707
-16800
-16891
-16982
-17071
-17159
-17246
-17332
-17417
-17501
-17584
-17666
-17747
-17827
-17906
-17983
-18059
-18135
-18209
-18282
-18354
-18424
-18494
-18563
-18630
-18696
-18761
-18825
-18888
-18949
-19009
-19069
-19127
-19183
-19239
-19294
-19347
-19399
-19450
-19500
-19548
-19595
-19642
-19686
-19730
-19772
-19814
-19854
-19892
-19930
-19966
-20001
-20035
-20068
-20099
-20129
-20158
-20186
-20212
-20238
-20262
-20284
-20306
-20326
-20345
-20362
-20379
-20394
-20408
-20420
-20432
-20442
-20450
-20458
-20464
-20469
-20473
-20476
-20477
-20477
-20476
-20473
-20469
-20464
-20458
-20450
-20442
-20431
-20420
-20407
-20394
-20378
-20362
-20344
-20326
-20305
-20284
-20261
-20238
-20212
-20186
-20158
-20129
-20099
-20068
-20035
-20001
-19966
-19930
-19892
-19854
-19814
-19772
-19730
-19686
-19642
-19595
-19548
-19500
-19450
-19399
-19347
-19294
-19239
-19184
-19127
-19069
-19010
-18949
-18888
-18825
-18761
-18696
-18630
-18563
-18494
-18424
-18354
-18282
-18209
-18135
-18059
-17983
-17906
-17827
-17747
-17667
-17585
-17502
-17418
-17332
-17246
-17159
-17071
-16981
-16891
-16800
-16707
-16614
-16519
-16423
-16327
-16229
-16131
-16031
-15930
-15829
-15726
-15623
-15519
-15413
-15307
-15200
-15091
-14982
-14872
-14761
-14649
-14537
-14423
-14308
-14193
-14076
-13959
-13841
-13722
-13602
-13482
-13360
-13238
-13115
-12991
-12866
-12740
-12614
-12487
-12359
-12231
-12101
-11971
-11840
-11709
-11576
-11443
-11310
-11175
-11040
-10904
-10768
-10631
-10493
-10355
-10216
-10076
-9936
-9795
-9653
-9511
-9368
-9225
-9081
-8937
-8792
-8646
-8500
-8354
-8207
-8059
-7911
-7762
-7613
-7463
-7313
-7163
-7012
-6861
-6709
-6557
-6405
-6252
-6098
-5945
-5790
-5636
-5481
-5326
-5171
-5015
-4859
-4702
-4546
-4389
-4232
-4074
-3916
-3758
-3600
-3442
-3283
-3124
-2965
-2806
-2647
-2487
-2327
-2167
-2007
-1847
-1687
-1527
-1366
-1206
-1045
-885
-724
-563
-403
-242
-81
80
241
402
562
723
884
1045
1205
1366
1526
1686
1846
2007
2166
2326
2486
2646
2805
2964
3123
3282
3441
3599
3758
3916
4073
4231
4388
4545
4702
4858
5014
5170
5325
5480
5635
5790
5944
6097
6251
6404
6556
6708
6860
7011
7162
7313
7463
7612
7761
7910
8058
8206
8353
8499
8645
8791
8936
9080
9224
9367
9510
9652
9794
9935
10075
10215
10354
10492
10630
10767
10903
11039
11174
11309
11442
11575
11708
11839
11970
12100
12230
12358
12486
12613
12740
12865
12990
13114
13237
13359
13481
13601
13721
13840
13958
14076
14192
14307
14422
14536
14648
14760
14871
14981
15091
15199
15306
15412
15518
15622
15726
15828
15930
16030
16130
16228
16326
16423
16518
16613
16706
16799
16890
16981
17070
17158
17245
17332
17417
17501
17584
17666
17746
17826
17905
17982
18059
18134
18208
18281
18353
18424
18493
18562
18629
18695
18760
18824
18887
18948
19009
19068
19126
19183
19238
19293
19346
19398
19449
19499
19547
19595
19641
19686
19729
19772
19813
19853
19892
19929
19965
20000
20034
20067
20098
20128
20157
20185
20211
20237
20261
20283
20305
20325
20344
20361
20378
20393
20407
20419
20431
20441
20450
20457
20463
20468
20472
20475
20476
20476
20475
20472
20468
20463
20457
20450
20441
20431
20419
20407
20393
20378
20361
20344
20325
20305
20283
20261
20237
20212
20185
20157
20128
20098
20067
20034
20000
19965
19929
19892
19853
19813
19772
19729
19686
19641
19595
19547
19499
19449
19398
19346
19293
19238
19183
19126
19068
19009
18948
18887
18824
18760
18695
18629
18562
18493
18424
18353
18281
18208
18134
18059
17982
17905
17826
17746
17665
17584
17501
17416
17331
17245
17158
17070
16981
16890
16799
16707
16613
16518
16423
16326
16229
16130
16030
15930
15828
15726
15622
15518
15412
15306
15199
15090
14981
14871
14760
14648
14535
14422
14307
14192
14075
13958
13840
13721
13601
13481
13359
13237
13114
12990
12865
12740
12613
12486
12358
12230
12100
11970
11839
11708
11575
11442
11309
11174
11039
10904
10767
10630
10492
10354
10215
10075
9935
9794
9652
9510
9367
9224
9080
8936
8791
8645
8499
8353
8206
8058
7910
7761
7612
7463
7313
7162
7011
6860
6708
6556
6404
6251
6097
5944
5790
5635
5480
5325
5170
5014
4858
4702
4545
4388
4231
4073
3916
3758
3599
3441
3282
3124
2964
2805
2646
2486
2326
2167
2007
1846
1686
1526
1366
1205
1044
884
723
562
402
241
80
-81
-242
-402
-563
-724
-885
-1045
-1206
-1366
-1527
-1687
-1847
-2007
-2167
-2327
-2487
-2647
-2806
-2965
-3124
-3283
-3442
-3600
-3758
-3916
-4074
-4232
-4389
-4546
-4702
-4859
-5015
-5171
-5326
-5481
-5636
-5791
-5945
-6098
-6252
-6405
-6557
-6709
-6861
-7012
-7163
-7314
-7464
-7613
-7762
-7911
-8059
-8206
-8354
-8500
-8646
-8792
-8937
-9081
-9225
-9368
-9511
-9653
-9795
-9935
-10076
-10215
-10355
-10493
-10631
-10768
-10904
-11040
-11175
-11310
-11443
-11576
-11709
-11840
-11971
-12101
-12231
-12359
-12487
-12614
-12740
-12866
-12991
-13115
-13238
-13360
-13481
-13602
-13722
-13841
-13959
-14076
-14193
-14308
-14423
-14536
-14649
-14761
-14872
-14982
-15091
-15200
-15307
-15413
-15519
-15623
-15726
-15829
-15931
-16031
-16131
-16229
-16327
-16424
-16519
-16614
-16707
-16800
-16891
-16982
-17071
-17159
-17246
-17332
-17417
-17501
-17584
-17666
-17747
-17827
-17906
-17983
-18059
-18135
-18209
-18282
-18354
-18424
-18494
-18563
-18630
-18696
-18761
-18825
-18888
-18949
-19009
-19069
-19127
-19183
-19239
-19294
-19347
-19399
-19450
-19500
-19548
-19595
-19642
-19686
-19730
-19772
-19814
-19854
-19892
-19930
-19966
-20001
-20035
-20068
-20099
-20129
-20158
-20186
-20212
-20238
-20262
-20284
-20306
-20326
-20345
-20362
-20379
-20394
-20408
-20420
-20432
-20442
-20450
-20458
-20464
-20469
-20473
-20476
-20477
-20477
-20476
-20473
-20469
-20464
-20458
-20450
-20442
-20431
-20420
-20407
-20394
-20378
-20362
-20344
-20326
-20305
-20284
-20261
-20238
-20212
-20186
-20158
-20129
-20099
-20068
-20035
-20001
-19966
-19930
-19892
-19854
-19814
-19772
-19730
-19686
-19642
-19595
-19548
-19500
-19450
-19399
-19347
-19294
-19239
-19184
-19127
-19069
-19010
-18949
-18888
-18825
-18761
-18696
-18630
-18563
-18494
-18424
-18354
-18282
-18209
-18135
-18059
-17983
-17906
-17827
-17747
-17667
-17585
-17502
-17418
-17332
-17246
-17159
-17071
-16981
-16891
-16800
-16707
-16614
-16519
-16423
-16327
-16229
-16131
-16031
-15930
-15829
-15726
-15623
-15519
-15413
-15307
-15200
-15091
-14982
-14872
-14761
-14649
-14537
-14423
-14308
-14193
-14076
-13959
-13841
-13722
-13602
-13482
-13360
-13238
-13115
-12991
-12866
-12740
-12614
-12487
-12359
-12231
-12101
-11971
-11840
-11709
-11576
-11443
-11310
-11175
-11040
-10904
-10768
-10631
-10493
-10355
-10216
-10076
-9936
-9795
-9653
-9511
-9368
-9225
-9081
-8937
-8792
-8646
-8500
-8354
-8207
-8059
-7911
-7762
-7613
-7463
-7313
-7163
-7012
-6861
-6709
-6557
-6405
-6252
-6098
-5945
-5790
-5636
-5481
-5326
-5171
-5015
-4859
-4702
-4546
-4389
-4232
-4074
-3916
-3758
-3600
-3442
-3283
-3124
-2965
-2806
-2647
-2487
-2327
-2167
-2007
-1847
-1687
-1527
-1366
-1206
-1045
-885
-724
-563
-403
-242
-81
80
241
402
562
723
884
1045
1205
1366
1526
1686
1846
2007
2166
2326
2486
2646
2805
2964
3123
3282
3441
3599
3758
3916
4073
4231
4388
4545
4702
4858
5014
5170
5325
5480
5635
5790
5944
6097
6251
6404
6556
6708
6860
7011
7162
7313
7463
7612
7761
7910
8058
8206
8353
8499
8645
8791
8936
9080
9224
9367
9510
9652
9794
9935
10075
10215
10354
10492
10630
10767
10903
11039
11174
11309
11442
11575
11708
11839
11970
12100
12230
12358
12486
12613
12740
12865
12990
13114
13237
13359
13481
13601
13721
13840
13958
14076
14192
14307
14422
14536
14648
14760
14871
14981
15091
15199
15306
15412
15518
15622
15726
15828
15930
16030
16130
16228
16326
16423
16518
16613
16706
16799
16890
16981
17070
17158
17245
17332
17417
17501
17584
17666
17746
17826
17905
17982
18059
18134
18208
18281
18353
18424
18493
18562
18629
18695
18760
18824
18887
18948
19009
19068
19126
19183
19238
19293
19346
19398
19449
19499
19547
19595
19641
19686
19729
19772
19813
19853
19892
19929
19965
20000
20034
20067
20098
20128
20157
20185
20211
20237
20261
20283
20305
20325
20344
20361
20378
20393
20407
20419
20431
20441
20450
20457
20463
20468
20472
20475
20476
20476
20475
20472
20468
20463
20457
20450
20441
20431
20419
20407
20393
20378
20361
20344
20325
20305
20283
20261
20237
20212
20185
20157
20128
20098
20067
20034
20000
19965
19929
19892
19853
19813
19772
19729
19686
19641
19595
19547
19499
19449
19398
19346
19293
19238
19183
19126
19068
19009
18948
18887
18824
18760
18695
18629
18562
18493
18424
18353
18281
18208
18134
18059
17982
17905
17826
17746
17665
17584
17501
17416
17331
17245
17158
17070
16981
16890
16799
16707
16613
16518
16423
16326
16229
16130
16030
15930
15828
15726
15622
15518
15412
15306
15199
15090
14981
14871
14760
14648
14535
14422
14307
14192
14075
13958
13840
13721
13601
13481
13359
13237
13114
12990
12865
12740
12613
12486
12358
12230
12100
11970
11839
11708
11575
11442
11309
11174
11039
10904
10767
10630
10492
10354
10215
10075
9935
9794
9652
9510
9367
9224
9080
8936
8791
8645
8499
8353
8206
8058
7910
7761
7612
7463
7313
7162
7011
6860
6708
6556
6404
6251
6097
5944
5790
5635
5480
5325
5170
5014
4858
4702
4545
4388
4231
4073
3916
3758
3599
3441
3282
3124
2964
2805
2646
2486
2326
2167
2007
1846
1686
1526
1366
1205
1044
884
723
562
402
241
80
-81
-242
-402
-563
-724
-885
-1045
-1206
-1366
-1527
-1687
-1847
-2007
-2167
-2327
-2487
-2647
-2806
-2965
-3124
-3283
-3442
-3600
-3758
-3916
-4074
-4232
-4389
-4546
-4702
-4859
-5015
-5171
-5326
-5481
-5636
-5791
-5945
-6098
-6252
-6405
-6557
-6709
-6861
-7012
-7163
-7314
-7464
-7613
-7762
-7911
-8059
-8206
-8354
-8500
-8646
-8792
-8937
-9081
-9225
-9368
-9511
-9653
-9795
-9935
-10076
-10215
-10355
-10493
-10631
-10768
-10904
-11040
-11175
-11310
-11443
-11576
-11709
-11840
-11971
-12101
-12231
-12359
-12487
-12614
-12740
-12866
-12991
-13115
-13238
-13360
-13481
-13602
-13722
-13841
-13959
-14076
-14193
-14308
-14423
-14536
-14649
-14761
-14872
-14982
-15091
-15200
-15307
-15413
-15519
-15623
-15726
-15829
-15931
-16031
-16131
-16229
-16327
-16424
-16519
-16614
-16707
-16800
-16891
-16982
-17071
-17159
-17246
-17332
-17417
-17501
-17584
-17666
-17747
-17827
-17906
-17983
-18059
-18135
-18209
-18282
-18354
-18424
-18494
-18563
-18630
-18696
-18761
-18825
-18888
-18949
-19009
-19069
-19127
-19183
-19239
-19294
-19347
-19399
-19450
-19500
-19548
-19595
-19642
-19686
-19730
-19772
-19814
-19854
-19892
-19930
-19966
-20001
-20035
-20068
-20099
-20129
-20158
-20186
-20212
-20238
-20262
-20284
-20306
-20326
-20345
-20362
-20379
-20394
-20408
-20420
-20432
-20442
-20450
-20458
-20464
-20469
-20473
-20476
-20477
-20477
-20476
-20473
-20469
-20464
-20458
-20450
-20442
-20431
-20420
-20407
-20394
-20378
-20362
-20344
-20326
-20305
-20284
-20261
-20238
-20212
-20186
-20158
-20129
-20099
-20068
-20035
-20001
-19966
-19930
-19892
-19854
-19814
-19772
-19730
-19686
-19642
-19595
-19548
-19500
-19450
-19399
-19347
-19294
-19239
-19184
-19127
-19069
-19010
-18949
-18888
-18825
-18761
-18696
-18630
-18563
-18494
-18424
-18354
-18282
-18209
-18135
-18059
-17983
-17906
-17827
-17747
-17667
-17585
-17502
-17418
-17332
-17246
-17159
-17071
-16981
-16891
-16800
-16707
-16614
-16519
-16423
-16327
-16229
-16131
-16031
-15930
-15829
-15726
-15623
-15519
-15413
-15307
-15200
-15091
-14982
-14872
-14761
-14649
-14537
-14423
-14308
-14193
-14076
-13959
-13841
-13722
-13602
-13482
-13360
-13238
-13115
-12991
-12866
-12740
-12614
-12487
-12359
-12231
-12101
-11971
-11840
-11709
-11576
-11443
-11310
-11175
-11040
-10904
-10768
-10631
-10493
-10355
-10216
-10076
-9936
-9795
-9653
-9511
-9368
-9225
-9081
-8937
-8792
-8646
-8500
-8354
-8207
-8059
-7911
-7762
-7613
-7463
-7313
-7163
-7012
-6861
-6709
-6557
-6405
-6252
-6098
-5945
-5790
-5636
-5481
-5326
-5171
-5015
-4859
-4702
-4546
-4389
-4232
-4074
-3916
-3758
-3600
-3442
-3283
-3124
-2965
-2806
-2647
-2487
-2327
-2167
-2007
-1847
-1687
-1527
-1366
-1206
-1045
-885
-724
-563
-403
-242
-81
80
241
402
562
723
884
1045
1205
1366
1526
1686
1846
2007
2166
2326
2486
2646
2805
2964
3123
3282
3441
3599
3758
3916
4073
4231
4388
4545
4702
4858
5014
5170
5325
5480
5635
5790
5944
6097
6251
6404
6556
6708
6860
7011
7162
7313
7463
7612
7761
7910
8058
8206
8353
8499
8645
8791
8936
9080
9224
9367
9510
9652
9794
9935
10075
10215
10354
10492
10630
10767
10903
11039
11174
11309
11442
11575
11708
11839
11970
12100
12230
12358
12486
12613
12740
12865
12990
13114
13237
13359
13481
13601
13721
13840
13958
14076
14192
14307
14422
14536
14648
14760
14871
14981
15091
15199
15306
15412
15518
15622
15726
15828
15930
16030
16130
16228
16326
16423
16518
16613
16706
16799
16890
16981
17070
17158
17245
17332
17417
17501
17584
17666
17746
17826
17905
17982
18059
18134
18208
18281
18353
18424
18493
18562
18629
18695
18760
18824
18887
18948
19009
19068
19126
19183
19238
19293
19346
19398
19449
19499
19547
19595
19641
19686
19729
19772
19813
19853
19892
19929
19965
20000
20034
20067
20098
20128
20157
20185
20211
20237
20261
20283
20305
20325
20344
20361
20378
20393
20407
20419
20431
20441
20450
20457
20463
20468
20472
20475
20476
20476
20475
20472
20468
20463
20457
20450
20441
20431
20419
20407
20393
20378
20361
20344
20325
20305
20283
20261
20237
20212
20185
20157
20128
20098
20067
20034
20000
19965
19929
19892
19853
19813
19772
19729
19686
19641
19595
19547
19499
19449
19398
19346
19293
19238
19183
19126
19068
19009
18948
18887
18824
18760
18695
18629
18562
18493
18424
18353
18281
18208
18134
18059
17982
17905
17826
17746
17665
17584
17501
17416
17331
17245
17158
17070
16981
16890
16799
16707
16613
16518
16423
16326
16229
16130
16030
15930
15828
15726
15622
15518
15412
15306
15199
15090
14981
14871
14760
14648
14535
14422
14307
14192
14075
13958
13840
13721
13601
13481
13359
13237
13114
12990
12865
12740
12613
12486
12358
12230
12100
11970
11839
11708
11575
11442
11309
11174
11039
10904
10767
10630
10492
10354
10215
10075
9935
9794
9652
9510
9367
9224
9080
8936
8791
8645
8499
8353
8206
8058
7910
7761
7612
7463
7313
7162
7011
6860
6708
6556
6404
6251
6097
5944
5790
5635
5480
5325
5170
5014
4858
4702
4545
4388
4231
4073
3916
3758
3599
3441
3282
3124
2964
2805
2646
2486
2326
2167
2007
1846
1686
1526
1366
1205
1044
884
723
562
402
241
80
-81
-242
-402
-563
-724
-885
-1045
-1206
-1366
-1527
-1687
-1847
-2007
-2167
-2327
-2487
-2647
-2806
-2965
-3124
-3283
-3442
-3600
-3758
-3916
-4074
-4232
-4389
-4546
-4702
-4859
-5015
-5171
-5326
-5481
-5636
-5791
-5945
-6098
-6252
-6405
-6557
-6709
-6861
-7012
-7163
-7314
-7464
-7613
-7762
-7911
-8059
-8206
-8354
-8500
-8646
-8792
-8937
-9081
-9225
-9368
-9511
-9653
-9795
-9935
-10076
-10215
-10355
-10493
-10631
-10768
-10904
-11040
-11175
-11310
-11443
-11576
-11709
-11840
-11971
-12101
-12231
-12359
-12487
-12614
-12740
-12866
-12991
-13115
-13238
-13360
-13481
-13602
-13722
-13841
-13959
-14076
-14193
-14308
-14423
-14536
-14649
-14761
-14872
-14982
-15091
-15200
-15307
-15413
-15519
-15623
-15726
-15829
-15931
-16031
-16131
-16229
-16327
-16424
-16519
-16614
-16707
-16800
-16891
-16982
-17071
-17159
-17246
-17332
-17417
-17501
-17584
-17666
-17747
-17827
-17906
-17983
-18059
-18135
-18209
-18282
-18354
-18424
-18494
-18563
-18630
-18696
-18761
-18825
-18888
-18949
-19009
-19069
-19127
-19183
-19239
-19294
-19347
-19399
-19450
-19500
-19548
-19595
-19642
-19686
-19730
-19772
-19814
-19854
-19892
-19930
-19966
-20001
-20035
-20068
-20099
-20129
-20158
-20186
-20212
-20238
-20262
-20284
-20306
-20326
-20345
-20362
-20379
-20394
-20408
-20420
-20432
-20442
-20450
-20458
-20464
-20469
-20473
-20476
-20477
-20477
-20476
-20473
-20469
-20464
-20458
-20450
-20442
-20431
-20420
-20407
-20394
-20378
-20362
-20344
-20326
-20305
-20284
-20261
-20238
-20212
-20186
-20158
-20129
-20099
-20068
-20035
-20001
-19966
-19930
-19892
-19854
-19814
-19772
-19730
-19686
-19642
-19595
-19548
-19500
-19450
-19399
-19347
-19294
-19239
-19184
-19127
-19069
-19010
-18949
-18888
-18825
-18761
-18696
-18630
-18563
-18494
-18424
-18354
-18282
-18209
-18135
-18059
-17983
-17906
-17827
-17747
-17667
-17585
-17502
-17418
-17332
-17246
-17159
-17071
-16981
-16891
-16800
-16707
-16614
-16519
-16423
-16327
-16229
-16131
-16031
-15930
-15829
-15726
-15623
-15519
-15413
-15307
-15200
-15091
-14982
-14872
-14761
-14649
-14537
-14423
-14308
-14193
-14076
-13959
-13841
-13722
-13602
-13482
-13360
-13238
-13115
-12991
-12866
-12740
-12614
-12487
-12359
-12231
-12101
-11971
-11840
-11709
-11576
-11443
-11310
-11175
-11040
-10904
-10768
-10631
-10493
-10355
-10216
-10076
-9936
-9795
-9653
-9511
-9368
-9225
-9081
-8937
-8792
-8646
-8500
-8354
-8207
-8059
-7911
-7762
-7613
-7463
-7313
-7163
-7012
-6861
-6709
-6557
-6405
-6252
-6098
-5945
-5790
-5636
-5481
-5326
-5171
-5015
-4859
-4702
-4546
-4389
-4232
-4074
-3916
-3758
-3600
-3442
-3283
-3124
-2965
-2806
-2647
-2487
-2327
-2167
-2007
-1847
-1687
-1527
-1366
-1206
-1045
-885
-724
-563
-403
-242
-81
80
241
402
562
723
884
1045
1205
1366
1526
1686
1846
2007
2166
2326
2486
2646
2805
2964
3123
3282
3441
3599
3758
3916
4073
4231
4388
4545
4702
4858
5014
5170
5325
5480
5635
5790
5944
6097
6251
6404
6556
6708
6860
7011
7162
7313
7463
7612
7761
7910
8058
8206
8353
8499
8645
8791
8936
9080
9224
9367
9510
9652
9794
9935
10075
10215
10354
10492
10630
10767
10903
11039
11174
11309
11442
11575
11708
11839
11970
12100
12230
12358
12486
12613
12740
12865
12990
13114
13237
13359
13481
13601
13721
13840
13958
14076
14192
14307
14422
14536
14648
14760
14871
14981
15091
15199
15306
15412
15518
15622
15726
15828
15930
16030
16130
16228
16326
16423
16518
16613
16706
16799
16890
16981
17070
17158
17245
17332
17417
17501
17584
17666
17746
17826
17905
17982
18059
18134
18208
18281
18353
18424
18493
18562
18629
18695
18760
18824
18887
18948
19009
19068
19126
19183
19238
19293
19346
19398
19449
19499
19547
19595
19641
19686
19729
19772
19813
19853
19892
19929
19965
20000
20034
20067
20098
20128
20157
20185
20211
20237
20261
20283
20305
20325
20344
20361
20378
20393
20407
20419
20431
20441
20450
20457
20463
20468
20472
20475
20476
20476
20475
20472
20468
20463
20457
20450
20441
20431
20419
20407
20393
20378
20361
20344
20325
20305
20283
20261
20237
20212
20185
20157
20128
20098
20067
20034
20000
19965
19929
19892
19853
19813
19772
19729
19686
19641
19595
19547
19499
19449
19398
19346
19293
19238
19183
19126
19068
19009
18948
18887
18824
18760
18695
18629
18562
18493
18424
18353
18281
18208
18134
18059
17982
17905
17826
17746
17665
17584
17501
17416
17331
17245
17158
17070
16981
16890
16799
16707
16613
16518
16423
16326
16229
16130
16030
15930
15828
15726
15622
15518
15412
15306
15199
15090
14981
14871
14760
14648
14535
14422
14307
14192
14075
13958
13840
13721
13601
13481
13359
13237
13114
12990
12865
12740
12613
12486
12358
12230
12100
11970
11839
11708
11575
11442
11309
11174
11039
10904
10767
10630
10492
10354
10215
10075
9935
9794
9652
9510
9367
9224
9080
8936
8791
8645
8499
8353
8206
8058
7910
7761
7612
7463
7313
7162
7011
6860
6708
6556
6404
6251
6097
5944
5790
5635
5480
5325
5170
5014
4858
4702
4545
4388
4231
4073
3916
3758
3599
3441
3282
3124
2964
2805
2646
2486
2326
2167
2007
1846
1686
1526
1366
1205
1044
884
723
562
402
241
80
-81
-242
-402
-563
-724
-885
-1045
-1206
-1366
-1527
-1687
-1847
-2007
-2167
-2327
-2487
-2647
-2806
-2965
-3124
-3283
-3442
-3600
-3758
-3916
-4074
-4232
-4389
-4546
-4702
-4859
-5015
-5171
-5326
-5481
-5636
-5791
-5945
-6098
-6252
-6405
-6557
-6709
-6861
-7012
-7163
-7314
-7464
-7613
-7762
-7911
-8059
-8206
-8354
-8500
-8646
-8792
-8937
-9081
-9225
-9368
-9511
-9653
-9795
-9935
-10076
-10215
-10355
-10493
-10631
-10768
-10904
-11040
-11175
-11310
-11443
-11576
-11709
-11840
-11971
-12101
-12231
-12359
-12487
-12614
-12740
-12866
-12991
-13115
-13238
-13360
-13481
-13602
-13722
-13841
-13959
-14076
-14193
-14308
-14423
-14536
-14649
-14761
-14872
-14982
-15091
-15200
-15307
-15413
-15519
-15623
-15726
-15829
-15931
-16031
-16131
-16229
-16327
-16424
-16519
-16614
-16707
-16800
-16891
-16982
-17071
-17159
-17246
-17332
-17417
-17501
-17584
-17666
-17747
-17827
-17906
-17983
-18059
-18135
-18209
-18282
-18354
-18424
-18494
-18563
-18630
-18696
-18761
-18825
-18888
-18949
-19009
-19069
-19127
-19183
-19239
-19294
-19347
-19399
-19450
-19500
-19548
-19595
-19642
-19686
-19730
-19772
-19814
-19854
-19892
-19930
-19966
-20001
-20035
-20068
-20099
-20129
-20158
-20186
-20212
-20238
-20262
-20284
-20306
-20326
-20345
-20362
-20379
-20394
-20408
-20420
-20432
-20442
-20450
-20458
-20464
-20469
-20473
-20476
-20477
-20477
-20476
-20473
-20469
-20464
-20458
-20450
-20442
-20431
-20420
-20407
-20394
-20378
-20362
-20344
-20326
-20305
-20284
-20261
-20238
-20212
-20186
-20158
-20129
-20099
-20068
-20035
-20001
-19966
-19930
-19892
-19854
-19814
-19772
-19730
-19686
-19642
-19595
-19548
-19500
-19450
-19399
-19347
-19294
-19239
-19184
-19127
-19069
-19010
-18949
-18888
-18825
-18761
-18696
-18630
-18563
-18494
-18424
-18354
-18282
-18209
-18135
-18059
-17983
-17906
-17827
-17747
-17667
-17585
-17502
-17418
-17332
-17246
-17159
-17071
-16981
-16891
-16800
-16707
-16614
-16519
-16423
-16327
-16229
-16131
-16031
-15930
-15829
-15726
-15623
-15519
-15413
-15307
-15200
-15091
-14982
-14872
-14761
-14649
-14537
-14423
-14308
-14193
-14076
-13959
-13841
-13722
-13602
-13482
-13360
-13238
-13115
-12991
-12866
-12740
-12614
-12487
-12359
-12231
-12101
-11971
-11840
-11709
-11576
-11443
-11310
-11175
-11040
-10904
-10768
-10631
-10493
-10355
-10216
-10076
-9936
-9795
-9653
-9511
-9368
-9225
-9081
-8937
-8792
-8646
-8500
-8354
-8207
-8059
-7911
-7762
-7613
-7463
-7313
-7163
-7012
-6861
-6709
-6557
-6405
-6252
-6098
-5945
-5790
-5636
-5481
-5326
-5171
-5015
-4859
-4702
-4546
-4389
-4232
-4074
-3916
-3758
-3600
-3442
-3283
-3124
-2965
-2806
-2647
-2487
-2327
-2167
-2007
-1847
-1687
-1527
-1366
-1206
-1045
-885
-724
-563
-403
-242
-81
80
241
402
562
723
884
1045
1205
1366
1526
1686
1846
2007
2166
2326
2486
2646
2805
2964
3123
3282
3441
3599
3758
3916
4073
4231
4388
4545
4702
4858
5014
5170
5325
5480
5635
5790
5944
6097
6251
6404
6556
6708
6860
7011
7162
7313
7463
7612
7761
7910
8058
8206
8353
8499
8645
8791
8936
9080
9224
9367
9510
9652
9794
9935
10075
10215
10354
10492
10630
10767
10903
11039
11174
11309
11442
11575
11708
11839
11970
12100
12230
12358
12486
12613
12740
12865
12990
13114
13237
13359
13481
13601
13721
13840
13958
14076
14192
14307
14422
14536
14648
14760
14871
14981
15091
15199
15306
15412
15518
15622
15726
15828
15930
16030
16130
16228
16326
16423
16518
16613
16706
16799
16890
16981
17070
17158
17245
17332
17417
17501
17584
17666
17746
17826
17905
17982
18059
18134
18208
18281
18353
18424
18493
18562
18629
18695
18760
18824
18887
18948
19009
19068
19126
19183
19238
19293
19346
19398
19449
19499
19547
19595
19641
19686
19729
19772
19813
19853
19892
19929
19965
20000
20034
20067
20098
20128
20157
20185
20211
20237
20261
20283
20305
20325
20344
20361
20378
20393
20407
20419
20431
20441
20450
20457
20463
20468
20472
20475
20476
20476
20475
20472
20468
20463
20457
20450
20441
20431
20419
20407
20393
20378
20361
20344
20325
20305
20283
20261
20237
20212
20185
20157
20128
20098
20067
20034
20000
19965
19929
19892
19853
19813
19772
19729
19686
19641
19595
19547
19499
19449
19398
19346
19293
19238
19183
19126
19068
19009
18948
18887
18824
18760
18695
18629
18562
18493
18424
18353
18281
18208
18134
18059
17982
17905
17826
17746
17665
17584
17501
17416
17331
17245
17158
17070
16981
16890
16799
16707
16613
16518
16423
16326
16229
16130
16030
15930
15828
15726
15622
15518
15412
15306
15199
15090
14981
14871
14760
14648
14535
14422
14307
14192
14075
13958
13840
13721
13601
13481
13359
13237
13114
12990
12865
12740
12613
12486
12358
12230
12100
11970
11839
11708
11575
11442
11309
11174
11039
10904
10767
10630
10492
10354
10215
10075
9935
9794
9652
9510
9367
9224
9080
8936
8791
8645
8499
8353
8206
8058
7910
7761
7612
7463
7313
7162
7011
6860
6708
6556
6404
6251
6097
5944
5790
5635
5480
5325
5170
5014
4858
4702
4545
4388
4231
4073
3916
3758
3599
3441
3282
3124
2964
2805
2646
2486
2326
2167
2007
1846
1686
1526
1366
1205
1044
884
723
562
402
241
80
-81
-242
-402
-563
-724
-885
-1045
-1206
-1366
-1527
-1687
-1847
-2007
-2167
-2327
-2487
-2647
-2806
-2965
-3124
-3283
-3442
-3600
-3758
-3916
-4074
-4232
-4389
-4546
-4702
-4859
-5015
-5171
-5326
-5481
-5636
-5791
-5945
-6098
-6252
-6405
-6557
-6709
-6861
-7012
-7163
-7314
-7464
-7613
-7762
-7911
-8059
-8206
-8354
-8500
-8646
-8792
-8937
-9081
-9225
-9368
-9511
-9653
-9795
-9935
-10076
-10215
-10355
-10493
-10631
-10768
-10904
-11040
-11175
-11310
-11443
-11576
-11709
-11840
-11971
-12101
-12231
-12359
-12487
-12614
-12740
-12866
-12991
-13115
-13238
-13360
-13481
-13602
-13722
-13841
-13959
-14076
-14193
-14308
-14423
-14536
-14649
-14761
-14872
-14982
-15091
-15200
-15307
-15413
-15519
-15623
-15726
-15829
-15931
-16031
-16131
-16229
-16327
-16424
-16519
-16614
-16707
-16800
-16891
-16982
-17071
-17159
-17246
-17332
-17417
-17501
-17584
-17666
-17747
-17827
-17906
-17983
-18059
-18135
-18209
-18282
-18354
-18424
-18494
-18563
-18630
-18696
-18761
-18825
-18888
-18949
-19009
-19069
-19127
-19183
-19239
-19294
-19347
-19399
-19450
-19500
-19548
-19595
-19642
-19686
-19730
-19772
-19814
-19854
-19892
-19930
-19966
-20001
-20035
-20068
-20099
-20129
-20158
-20186
-20212
-20238
-20262
-20284
-20306
-20326
-20345
-20362
-20379
-20394
-20408
-20420
-20432
-20442
-20450
-20458
-20464
-20469
-20473
-20476
-20477
-20477
-20476
-20473
-20469
-20464
-20458
-20450
-20442
-20431
-20420
-20407
-20394
-20378
-20362
-20344
-20326
-20305
-20284
-20261
-20238
-20212
-20186
-20158
-20129
-20099
-20068
-20035
-20001
-19966
-19930
-19892
-19854
-19814
-19772
-19730
-19686
-19642
-19595
-19548
-19500
-19450
-19399
-19347
-19294
-19239
-19184
-19127
-19069
-19010
-18949
-18888
-18825
-18761
-18696
-18630
-18563
-18494
-18424
-18354
-18282
-18209
-18135
-18059
-17983
-17906
-17827
-17747
-17667
-17585
-17502
-17418
-17332
-17246
-17159
-17071
-16981
-16891
-16800
-16707
-16614
-16519
-16423
-16327
-16229
-16131
-16031
-15930
-15829
-15726
-15623
-15519
-15413
-15307
-15200
-15091
-14982
-14872
-14761
-14649
-14537
-14423
-14308
-14193
-14076
-13959
-13841
-13722
-13602
-13482
-13360
-13238
-13115
-12991
-12866
-12740
-12614
-12487
-12359
-12231
-12101
-11971
-11840
-11709
-11576
-11443
-11310
-11175
-11040
-10904
-10768
-10631
-10493
-10355
-10216
-10076
-9936
-9795
-9653
-9511
-9368
-9225
-9081
-8937
-8792
-8646
-8500
-8354
-8207
-8059
-7911
-7762
-7613
-7463
-7313
-7163
-7012
-6861
-6709
-6557
-6405
-6252
-6098
-5945
-5790
-5636
-5481
-5326
-5171
-5015
-4859
-4702
-4546
-4389
-4232
-4074
-3916
-3758
-3600
-3442
-3283
-3124
-2965
-2806
-2647
-2487
-2327
-2167
-2007
-1847
-1687
-1527
-1366
-1206
-1045
-885
-724
-563
-403
-242
-81
80
241
402
562
723
884
1045
1205
1366
1526
1686
1846
2007
2166
2326
2486
2646
2805
2964
3123
3282
3441
3599
3758
3916
4073
4231
4388
4545
4702
4858
5014
5170
5325
5480
5635
5790
5944
6097
6251
6404
6556
6708
6860
7011
7162
7313
7463
7612
7761
7910
8058
8206
8353
8499
8645
8791
8936
9080
9224
9367
9510
9652
9794
9935
10075
10215
10354
10492
10630
10767
10903
11039
11174
11309
11442
11575
11708
11839
11970
12100
12230
12358
12486
12613
12740
12865
12990
13114
13237
13359
13481
13601
13721
13840
13958
14076
14192
14307
14422
14536
14648
14760
14871
14981
15091
15199
15306
15412
15518
15622
15726
15828
15930
16030
16130
16228
16326
16423
16518
16613
16706
16799
16890
16981
17070
17158
17245
17332
17417
17501
17584
17666
17746
17826
17905
17982
18059
18134
18208
18281
18353
18424
18493
18562
18629
18695
18760
18824
18887
18948
19009
19068
19126
19183
19238
19293
19346
19398
19449
19499
19547
19595
19641
19686
19729
19772
19813
19853
19892
19929
19965
20000
20034
20067
20098
20128
20157
20185
20211
20237
20261
20283
20305
20325
20344
20361
20378
20393
20407
20419
20431
20441
20450
20457
20463
20468
20472
20475
20476
20476
20475
20472
20468
20463
20457
20450
20441
20431
20419
20407
20393
20378
20361
20344
20325
20305
20283
20261
20237
20212
20185
20157
20128
20098
20067
20034
20000
19965
19929
19892
19853
19813
19772
19729
19686
19641
19595
19547
19499
19449
19398
19346
19293
19238
19183
19126
19068
19009
18948
18887
18824
18760
18695
18629
18562
18493
18424
18353
18281
18208
18134
18059
17982
17905
17826
17746
17665
17584
17501
17416
17331
17245
17158
17070
16981
16890
16799
16707
16613
16518
16423
16326
16229
16130
16030
15930
15828
15726
15622
15518
15412
15306
15199
15090
14981
14871
14760
14648
14535
14422
14307
14192
14075
13958
13840
13721
13601
13481
13359
13237
13114
12990
12865
12740
12613
12486
12358
12230
12100
11970
11839
11708
11575
11442
11309
11174
11039
10904
10767
10630
10492
10354
10215
10075
9935
9794
9652
9510
9367
9224
9080
8936
8791
8645
8499
8353
8206
8058
7910
7761
7612
7463
7313
7162
7011
6860
6708
6556
6404
6251
6097
5944
5790
5635
5480
5325
5170
5014
4858
4702
4545
4388
4231
4073
3916
3758
3599
3441
3282
3124
2964
2805
2646
2486
2326
2167
2007
1846
1686
1526
1366
1205
1044
884
723
562
402
241
80
-81
-242
-402
-563
-724
-885
-1045
-1206
-1366
-1527
-1687
-1847
-2007
-2167
-2327
-2487
-2647
-2806
-2965
-3124
-3283
-3442
-3600
-3758
-3916
-4074
-4232
-4389
-4546
-4702
-4859
-5015
-5171
-5326
-5481
-5636
-5791
-5945
-6098
-6252
-6405
-6557
-6709
-6861
-7012
-7163
-7314
-7464
-7613
-7762
-7911
-8059
-8206
-8354
-8500
-8646
-8792
-8937
-9081
-9225
-9368
-9511
-9653
-9795
-9935
-10076
-10215
-10355
-10493
-10631
-10768
-10904
-11040
-11175
-11310
-11443
-11576
-11709
-11840
-11971
-12101
-12231
-12359
-12487
-12614
-12740
-12866
-12991
-13115
-13238
-13360
-13481
-13602
-13722
-13841
-13959
-14076
-14193
-14308
-14423
-14536
-14649
-14761
-14872
-14982
-15091
-15200
-15307
-15413
-15519
-15623
-15726
-15829
-15931
-16031
-16131
-16229
-16327
-16424
-16519
-16614
-16707
-16800
-16891
-16982
-17071
-17159
-17246
-17332
-17417
-17501
-17584
-17666
-17747
-17827
-17906
-17983
-18059
-18135
-18209
-18282
-18354
-18424
-18494
-18563
-18630
-18696
-18761
-18825
-18888
-18949
-19009
-19069
-19127
-19183
-19239
-19294
-19347
-19399
-19450
-19500
-19548
-19595
-19642
-19686
-19730
-19772
-19814
-19854
-19892
-19930
-19966
-20001
-20035
-20068
-20099
-20129
-20158
-20186
-20212
-20238
-20262
-20284
-20306
-20326
-20345
-20362
-20379
-20394
-20408
-20420
-20432
-20442
-20450
-20458
-20464
-20469
-20473
-20476
-20477
-20477
-20476
-20473
-20469
-20464
-20458
-20450
-20442
-20431
-20420
-20407
-20394
-20378
-20362
-20344
-20326
-20305
-20284
-20261
-20238
-20212
-20186
-20158
-20129
-20099
-20068
-20035
-20001
-19966
-19930
-19892
-19854
-19814
-19772
-19730
-19686
-19642
-19595
-19548
-19500
-19450
-19399
-19347
-19294
-19239
-19184
-19127
-19069
-19010
-18949
-18888
-18825
-18761
-18696
-18630
-18563
-18494
-18424
-18354
-18282
-18209
-18135
-18059
-17983
-17906
-17827
-17747
-17667
-17585
-17502
-17418
-17332
-17246
-17159
-17071
-16981
-16891
-16800
-16707
-16614
-16519
-16423
-16327
-16229
-16131
-16031
-15930
-15829
-15726
-15623
-15519
-15413
-15307
-15200
-15091
-14982
-14872
-14761
-14649
-14537
-14423
-14308
-14193
-14076
-13959
-13841
-13722
-13602
-13482
-13360
-13238
-13115
-12991
-12866
-12740
-12614
-12487
-12359
-12231
-12101
-11971
-11840
-11709
-11576
-11443
-11310
-11175
-11040
-10904
-10768
-10631
-10493
-10355
-10216
-10076
-9936
-9795
-9653
-9511
-9368
-9225
-9081
-8937
-8792
-8646
-8500
-8354
-8207
-8059
-7911
-7762
-7613
-7463
-7313
-7163
-7012
-6861
-6709
-6557
-6405
-6252
-6098
-5945
-5790
-5636
-5481
-5326
-5171
-5015
-4859
-4702
-4546
-4389
-4232
-4074
-3916
-3758
-3600
-3442
-3283
-3124
-2965
-2806
-2647
-2487
-2327
-2167
-2007
-1847
-1687
-1527
-1366
-1206
-1045
-885
-724
